#Testing Graphs-----------------------------------------------
#50 ndoes, 86 edges
# [(32, 37), (4, 0), (10, 34), (21, 16), (41, 31), (34, 10), (17, 3), (20, 29), (28, 21), (8, 18), (45, 37), (12, 34), (0, 14), (13, 8), (6, 2), (4, 48), (43, 30), (7, 10), (44, 47), (34, 12), (5, 3), (17, 5), (36, 18), (48, 38), (20, 31), (0, 7), (20, 40), (32, 5), (0, 16), (13, 10), (24, 19), (7, 21), (19, 4), (3, 17), (38, 48), (5, 32), (13, 12), (35, 12), (38, 11), (8, 25), (49, 11), (8, 34), (30, 43), (9, 42), (14, 1), (29, 20), (40, 20), (0, 48), (12, 13), (40, 29), (22, 23), (21, 25), (23, 22), (0, 2), (38, 4), (10, 15), (33, 17), (41, 39), (7, 16), (29, 13), (17, 2), (34, 18), (12, 15), (4, 11), (39, 41), (11, 4), (29, 40), (3, 30), (27, 15), (10, 8), (4, 38), (6, 1), (7, 0), (1, 14), (15, 13), (17, 32), (2, 22), (16, 21), (22, 0), (3, 5), (15, 34), (35, 46), (12, 26), (31, 39), (4, 22), (12, 35), (8, 13), (2, 6), (25, 8), (28, 25), (22, 2), (12, 10), (15, 27), (9, 2), (4, 24), (1, 0), (10, 12), (25, 10), (16, 7), (19, 24), (2, 17), (26, 12), (25, 28), (22, 4), (11, 38), (14, 0), (46, 35), (7, 25), (18, 8), (18, 34), (1, 2), (0, 4), (2, 1), (16, 0), (24, 4), (37, 32), (0, 22), (25, 21), (3, 2), (14, 2), (11, 49), (13, 34), (32, 47), (4, 19), (18, 36), (34, 20), (8, 10), (10, 7), (2, 3), (48, 0), (10, 25), (47, 44), (31, 20), (21, 28), (34, 13), (30, 3), (34, 31), (1, 6), (25, 7), (31, 41), (2, 14), (17, 33), (25, 16), (37, 45), (13, 20), (6, 14), (20, 13), (44, 32), (13, 29), (14, 6), (16, 25), (34, 15), (0, 1), (20, 34), (31, 34), (48, 4), (32, 17), (15, 10), (32, 44), (34, 8), (39, 31), (8, 7), (42, 9), (2, 0), (5, 17), (10, 13), (47, 32), (2, 9), (13, 15), (15, 12), (7, 8), (21, 7)]

#100 nodes, 171 edges
# [(18, 17), (61, 6), (9, 72), (11, 23), (83, 39), (2, 32), (3, 6), (44, 56), (53, 34), (79, 10), (98, 23), (90, 19), (27, 8), (33, 15), (6, 61), (52, 37), (72, 15), (14, 1), (31, 81), (65, 3), (35, 60), (36, 34), (59, 36), (15, 11), (99, 90), (52, 23), (72, 10), (74, 29), (2, 31), (11, 98), (3, 5), (93, 69), (35, 55), (32, 77), (16, 60), (17, 25), (7, 2), (35, 82), (55, 60), (17, 43), (41, 0), (89, 3), (84, 83), (13, 41), (4, 72), (67, 39), (37, 96), (71, 18), (29, 21), (81, 31), (41, 13), (2, 3), (54, 41), (2, 12), (39, 70), (32, 31), (13, 54), (9, 29), (77, 47), (65, 91), (15, 72), (93, 9), (10, 11), (2, 7), (66, 10), (43, 17), (23, 66), (17, 1), (35, 49), (5, 8), (47, 32), (5, 26), (7, 81), (54, 13), (74, 9), (19, 73), (30, 73), (83, 94), (66, 23), (23, 52), (47, 0), (5, 3), (5, 39), (81, 7), (73, 30), (12, 20), (20, 42), (32, 7), (13, 12), (24, 12), (34, 53), (96, 37), (16, 35), (3, 65), (77, 32), (42, 20), (8, 27), (39, 5), (18, 71), (0, 32), (0, 41), (12, 6), (60, 55), (23, 15), (31, 28), (12, 24), (83, 75), (32, 2), (83, 84), (10, 72), (96, 23), (1, 14), (35, 16), (2, 77), (56, 57), (3, 51), (77, 0), (92, 7), (50, 28), (91, 38), (27, 53), (12, 1), (95, 17), (0, 45), (91, 65), (0, 54), (31, 32), (4, 15), (83, 70), (23, 37), (1, 0), (52, 73), (1, 18), (87, 58), (44, 87), (46, 44), (69, 9), (0, 4), (82, 55), (0, 13), (4, 10), (44, 46), (75, 70), (87, 44), (37, 52), (69, 4), (15, 33), (49, 35), (78, 80), (8, 3), (8, 12), (63, 55), (19, 30), (9, 93), (12, 0), (95, 25), (41, 54), (44, 50), (10, 66), (38, 3), (15, 10), (15, 19), (55, 82), (0, 12), (69, 93), (60, 35), (72, 9), (4, 0), (4, 9), (54, 77), (86, 38), (23, 98), (26, 5), (51, 89), (18, 1), (70, 39), (15, 23), (96, 97), (70, 75), (9, 74), (72, 4), (44, 31), (39, 83), (53, 27), (3, 8), (59, 34), (55, 63), (36, 59), (82, 35), (5, 62), (47, 77), (0, 2), (9, 69), (60, 16), (41, 12), (10, 15), (45, 0), (3, 12), (78, 15), (37, 23), (98, 11), (15, 4), (89, 51), (88, 83), (48, 19), (28, 50), (6, 22), (38, 91), (6, 31), (21, 29), (80, 78), (58, 87), (2, 6), (25, 17), (53, 8), (55, 35), (17, 18), (65, 76), (6, 8), (91, 3), (38, 86), (40, 37), (52, 11), (2, 1), (73, 52), (0, 77), (19, 90), (2, 28), (22, 6), (3, 2), (32, 47), (28, 31), (77, 45), (6, 3), (77, 54), (6, 12), (85, 3), (31, 50), (83, 88), (75, 84), (23, 73), (4, 69), (9, 4), (3, 91), (29, 9), (5, 51), (6, 16), (73, 15), (8, 53), (10, 4), (51, 5), (2, 0), (94, 83), (12, 41), (39, 67), (84, 75), (58, 31), (6, 2), (27, 34), (15, 78), (21, 9), (6, 20), (73, 19), (19, 48), (90, 99), (7, 92), (75, 83), (1, 8), (31, 58), (16, 6), (1, 17), (84, 70), (56, 87), (76, 65), (9, 21), (50, 31), (58, 44), (15, 73), (62, 5), (20, 8), (73, 23), (12, 13), (32, 0), (11, 66), (31, 44), (66, 11), (1, 12), (10, 79), (45, 64), (25, 95), (28, 2), (57, 56), (3, 85), (70, 84), (6, 1), (8, 20), (15, 68), (50, 44), (20, 12), (12, 8), (11, 52), (44, 58), (13, 0), (64, 45), (87, 56), (68, 15), (34, 59), (77, 2), (45, 77), (7, 32), (97, 96), (3, 89), (8, 6), (19, 15), (54, 0), (31, 7), (29, 74), (12, 3), (0, 47), (51, 3), (34, 27), (1, 2), (34, 36), (8, 1), (70, 83), (30, 19), (11, 15), (17, 95), (31, 2), (1, 6), (7, 31), (8, 5), (0, 1), (11, 10), (20, 6), (31, 6), (12, 2), (23, 11), (23, 96), (56, 44), (3, 38), (37, 40)]
# [(97, 72), (7, 17), (80, 1), (13, 97), (24, 97), (15, 39), (67, 77), (79, 42), (7, 35), (8, 0), (5, 74), (11, 5), (75, 8), (75, 26), (40, 68), (10, 27), (21, 73), (4, 2), (33, 38), (44, 38), (45, 3), (87, 18), (95, 22), (56, 12), (22, 37), (23, 91), (86, 40), (49, 0), (15, 7), (79, 10), (70, 68), (27, 8), (11, 0), (75, 12), (21, 41), (5, 87), (44, 24), (53, 2), (54, 74), (3, 1), (3, 10), (3, 19), (74, 79), (35, 60), (97, 44), (15, 2), (26, 2), (38, 4), (79, 5), (43, 82), (90, 5), (26, 20), (79, 23), (1, 85), (90, 23), (52, 14), (44, 10), (27, 97), (10, 44), (22, 9), (3, 5), (66, 43), (22, 18), (97, 21), (59, 13), (23, 90), (1, 53), (79, 0), (15, 6), (78, 44), (79, 9), (7, 2), (70, 40), (1, 80), (17, 43), (6, 15), (40, 17), (5, 59), (29, 26), (75, 2), (7, 96), (10, 3), (8, 79), (2, 8), (85, 24), (2, 17), (53, 1), (2, 26), (23, 67), (55, 19), (89, 21), (13, 59), (26, 1), (79, 4), (90, 13), (1, 75), (28, 38), (92, 50), (38, 79), (30, 65), (85, 10), (2, 12), (25, 14), (0, 79), (12, 53), (32, 31), (11, 97), (39, 79), (97, 11), (20, 75), (4, 58), (43, 40), (35, 36), (87, 74), (95, 87), (59, 12), (79, 8), (47, 37), (40, 7), (5, 58), (50, 57), (21, 30), (58, 79), (39, 38), (44, 4), (74, 5), (2, 7), (23, 39), (74, 23), (43, 17), (51, 30), (4, 44), (97, 6), (12, 75), (1, 38), (4, 80), (5, 8), (45, 90), (37, 95), (8, 46), (79, 97), (19, 55), (2, 11), (31, 47), (66, 14), (1, 15), (35, 17), (41, 97), (97, 10), (2, 96), (24, 44), (5, 3), (47, 18), (9, 1), (16, 49), (5, 12), (17, 14), (3, 79), (57, 50), (58, 15), (3, 97), (5, 39), (6, 4), (79, 74), (81, 16), (73, 21), (18, 94), (83, 71), (13, 3), (1, 10), (12, 56), (43, 34), (56, 53), (44, 97), (87, 77), (22, 87), (26, 57), (38, 59), (8, 27), (15, 75), (26, 75), (39, 5), (7, 80), (71, 83), (39, 23), (40, 86), (12, 15), (91, 79), (31, 37), (72, 38), (1, 5), (35, 7), (4, 38), (93, 97), (55, 3), (37, 62), (68, 40), (58, 5), (5, 11), (97, 85), (70, 86), (27, 44), (79, 91), (12, 1), (8, 49), (6, 79), (63, 83), (4, 6), (91, 74), (87, 22), (31, 32), (4, 15), (6, 97), (72, 33), (1, 0), (1, 9), (44, 78), (34, 43), (46, 8), (53, 56), (10, 85), (34, 52), (65, 30), (38, 13), (85, 97), (57, 26), (88, 32), (3, 55), (26, 29), (27, 3), (97, 89), (59, 72), (27, 12), (79, 59), (73, 6), (60, 36), (31, 9), (12, 5), (23, 5), (31, 18), (4, 1), (11, 49), (1, 4), (2, 58), (1, 13), (38, 8), (49, 8), (97, 75), (58, 4), (80, 4), (90, 45), (97, 93), (70, 76), (19, 3), (18, 47), (8, 12), (0, 8), (11, 8), (30, 21), (75, 20), (0, 26), (72, 5), (12, 9), (87, 12), (44, 41), (2, 44), (2, 53), (54, 91), (87, 39), (22, 31), (3, 27), (15, 1), (74, 87), (2, 80), (3, 45), (37, 47), (86, 70), (7, 15), (97, 79), (36, 60), (5, 72), (79, 58), (91, 23), (75, 15), (9, 79), (21, 44), (5, 90), (71, 63), (60, 35), (40, 66), (44, 27), (6, 73), (3, 13), (12, 98), (2, 75), (14, 40), (15, 5), (74, 91), (13, 72), (98, 12), (49, 16), (1, 79), (79, 26), (13, 90), (27, 6), (18, 37), (8, 2), (17, 69), (75, 1), (8, 11), (40, 43), (11, 16), (33, 13), (92, 99), (40, 70), (72, 13), (41, 44), (39, 74), (56, 5), (22, 12), (34, 14), (97, 24), (31, 88), (14, 17), (26, 0), (79, 3), (90, 3), (49, 11), (79, 12), (24, 85), (7, 14), (16, 81), (79, 39), (6, 27), (60, 7), (0, 2), (11, 2), (77, 87), (94, 18), (41, 21), (10, 24), (2, 20), (39, 87), (74, 54), (3, 12), (12, 79), (23, 79), (43, 66), (15, 4), (59, 38), (15, 13), (18, 9), (99, 92), (9, 37), (68, 86), (63, 26), (10, 1), (42, 79), (2, 6), (50, 92), (44, 21), (72, 3), (2, 15), (53, 8), (97, 5), (14, 7), (37, 9), (23, 74), (43, 52), (51, 65), (4, 79), (14, 25), (72, 97), (87, 95), (47, 22), (97, 41), (79, 2), (47, 31), (17, 36), (6, 8), (21, 6), (6, 44), (2, 1), (54, 39), (66, 40), (84, 76), (59, 1), (97, 27), (59, 10), (67, 23), (12, 87), (23, 87), (36, 17), (1, 59), (79, 6), (36, 35), (9, 18), (79, 15), (5, 38), (17, 40), (38, 72), (40, 14), (15, 79), (26, 79), (5, 56), (6, 21), (44, 2), (39, 54), (39, 72), (74, 39), (87, 67), (97, 13), (13, 38), (59, 5), (4, 78), (28, 8), (5, 15), (79, 1), (22, 95), (9, 22), (17, 35), (76, 84), (9, 31), (26, 83), (77, 67), (8, 53), (0, 49), (44, 6), (2, 0), (75, 79), (35, 15), (13, 15), (16, 11), (12, 59), (75, 97), (78, 4), (96, 40), (13, 33), (36, 7), (5, 1), (38, 44), (76, 70), (6, 2), (6, 11), (79, 90), (31, 22), (62, 37), (12, 27), (8, 75), (2, 4), (13, 1), (43, 14), (96, 17), (1, 8), (24, 10), (66, 25), (72, 59), (23, 54), (97, 3), (84, 70), (1, 26), (53, 64), (88, 31), (17, 7), (3, 72), (38, 39), (69, 17), (9, 12), (5, 23), (3, 90), (89, 93), (68, 70), (7, 60), (18, 87), (30, 61), (20, 26), (12, 22), (21, 89), (12, 31), (95, 47), (1, 3), (13, 5), (33, 72), (1, 12), (10, 79), (10, 97), (17, 2), (65, 51), (26, 50), (70, 84), (89, 97), (50, 26), (6, 1), (17, 96), (8, 38), (91, 54), (31, 12), (12, 8), (54, 23), (85, 1), (96, 7), (2, 79), (80, 7), (67, 74), (5, 13), (27, 10), (59, 79), (8, 6), (42, 8), (8, 15), (26, 63), (61, 30), (0, 11), (47, 95), (59, 97), (79, 75), (8, 42), (12, 3), (30, 51), (41, 48), (83, 63), (95, 37), (96, 2), (21, 97), (1, 2), (97, 73), (58, 2), (14, 66), (38, 33), (80, 2), (7, 36), (8, 1), (67, 87), (15, 58), (11, 6), (8, 28), (90, 79), (20, 2), (39, 15), (52, 34), (63, 71), (52, 43), (40, 96), (72, 39), (37, 18), (74, 67), (1, 6), (64, 53), (14, 34), (38, 1), (22, 47), (93, 89), (14, 43), (15, 8), (97, 59), (14, 52), (32, 88), (86, 68), (38, 28), (18, 22), (15, 35), (79, 38), (18, 31), (7, 40), (8, 5), (48, 41), (82, 43), (0, 1), (5, 79), (83, 26), (5, 97), (12, 2), (87, 5), (53, 12), (87, 23), (10, 59), (73, 97), (37, 22), (25, 66), (37, 31), (38, 5), (15, 12)]
# 500 nodes, 860 edges
[(352, 42), (197, 168), (0, 5), (43, 195), (468, 375), (93, 52), (42, 352), (306, 461), (115, 192), (82, 15), (88, 95), (415, 224), (159, 155), (467, 271), (75, 421), (257, 461), (142, 331), (202, 345), (122, 7), (418, 6), (265, 401), (136, 436), (123, 88), (8, 107), (188, 74), (312, 369), (56, 263), (348, 291), (181, 34), (84, 367), (204, 283), (406, 152), (63, 15), (216, 257), (1, 103), (21, 18), (342, 253), (367, 426), (90, 297), (158, 23), (280, 134), (2, 40), (95, 88), (402, 10), (59, 22), (496, 23), (192, 57), (163, 259), (422, 110), (278, 474), (312, 58), (77, 75), (443, 398), (115, 38), (323, 216), (21, 31), (19, 250), (112, 298), (70, 152), (124, 43), (294, 45), (24, 41), (229, 181), (21, 152), (146, 183), (72, 117), (439, 176), (6, 28), (325, 419), (80, 93), (320, 340), (192, 11), (51, 35), (271, 304), (103, 82), (181, 410), (161, 23), (16, 459), (52, 116), (101, 237), (101, 8), (234, 129), (6, 5), (2, 151), (7, 86), (358, 429), (305, 45), (63, 103), (52, 93), (151, 215), (84, 82), (55, 18), (80, 191), (52, 358), (356, 95), (345, 202), (95, 356), (3, 93), (191, 409), (226, 287), (15, 103), (181, 364), (54, 31), (13, 179), (74, 9), (479, 323), (135, 104), (44, 102), (365, 337), (2, 105), (9, 1), (429, 358), (336, 130), (362, 39), (93, 143), (46, 68), (216, 479), (58, 42), (442, 413), (88, 415), (134, 153), (414, 436), (13, 12), (207, 371), (332, 402), (346, 422), (334, 39), (453, 139), (263, 15), (248, 115), (65, 179), (445, 436), (69, 5), (360, 68), (144, 35), (115, 8), (43, 397), (136, 445), (128, 212), (35, 249), (117, 59), (281, 161), (88, 32), (410, 46), (194, 13), (45, 70), (250, 30), (178, 190), (17, 93), (9, 89), (52, 50), (4, 10), (22, 207), (222, 232), (304, 271), (329, 444), (383, 186), (349, 422), (25, 69), (199, 105), (38, 8), (251, 152), (42, 158), (117, 72), (262, 161), (282, 139), (169, 82), (70, 76), (1, 125), (141, 285), (19, 30), (119, 117), (205, 157), (23, 0), (457, 112), (80, 125), (85, 240), (38, 394), (31, 269), (414, 7), (102, 149), (236, 0), (263, 103), (318, 39), (26, 10), (246, 279), (21, 197), (477, 211), (221, 142), (52, 184), (167, 171), (438, 485), (90, 296), (82, 63), (418, 18), (100, 117), (146, 84), (12, 4), (426, 367), (271, 493), (158, 58), (150, 203), (189, 45), (139, 453), (442, 82), (184, 52), (491, 123), (95, 123), (333, 440), (181, 46), (105, 173), (438, 462), (467, 31), (21, 439), (170, 153), (283, 359), (175, 268), (128, 156), (0, 236), (8, 11), (164, 487), (52, 17), (152, 104), (290, 483), (28, 334), (337, 415), (50, 93), (257, 306), (75, 37), (189, 22), (32, 224), (50, 358), (229, 360), (129, 422), (3, 17), (19, 141), (112, 189), (177, 169), (472, 352), (7, 23), (112, 45), (451, 185), (152, 117), (0, 105), (288, 14), (20, 83), (89, 442), (217, 219), (3, 259), (284, 129), (202, 239), (289, 207), (96, 78), (280, 424), (232, 347), (341, 25), (45, 112), (130, 336), (17, 50), (2, 150), (147, 388), (128, 146), (22, 393), (68, 360), (230, 50), (440, 268), (304, 493), (51, 47), (390, 267), (47, 422), (337, 32), (377, 68), (146, 172), (386, 153), (421, 376), (249, 4), (76, 112), (209, 233), (439, 21), (74, 188), (11, 248), (267, 174), (301, 87), (313, 290), (250, 350), (69, 338), (147, 257), (415, 337), (274, 69), (139, 24), (104, 152), (68, 229), (16, 39), (432, 17), (78, 279), (3, 105), (16, 160), (173, 143), (11, 81), (103, 84), (363, 389), (14, 6), (114, 93), (1, 36), (195, 167), (33, 105), (89, 265), (168, 185), (15, 92), (125, 80), (274, 288), (456, 99), (13, 24), (432, 236), (16, 29), (295, 347), (155, 373), (261, 354), (34, 83), (352, 472), (50, 436), (17, 259), (251, 197), (140, 100), (177, 247), (43, 167), (271, 31), (43, 432), (17, 380), (4, 32), (16, 6), (440, 333), (332, 391), (46, 34), (37, 65), (50, 184), (42, 180), (28, 16), (321, 418), (148, 81), (11, 192), (489, 231), (400, 153), (290, 430), (144, 47), (90, 76), (15, 82), (34, 181), (193, 88), (12, 13), (378, 250), (485, 462), (82, 108), (8, 308), (228, 311), (1, 3), (12, 49), (9, 389), (81, 148), (288, 69), (442, 127), (428, 192), (294, 112), (23, 143), (122, 414), (50, 17), (168, 152), (384, 42), (126, 155), (318, 362), (263, 426), (13, 400), (470, 230), (32, 4), (129, 202), (65, 37), (244, 268), (476, 282), (389, 363), (27, 10), (24, 121), (402, 332), (355, 257), (417, 52), (354, 261), (57, 154), (446, 115), (46, 410), (107, 11), (211, 477), (4, 35), (192, 91), (63, 471), (227, 48), (422, 144), (174, 42), (433, 153), (4, 12), (47, 202), (87, 46), (127, 82), (261, 82), (133, 162), (200, 72), (147, 325), (175, 244), (26, 35), (43, 124), (465, 82), (12, 402), (309, 100), (6, 62), (3, 173), (23, 2), (403, 143), (7, 143), (246, 425), (23, 496), (191, 80), (137, 109), (57, 0), (108, 82), (335, 273), (114, 125), (407, 378), (312, 226), (192, 81), (459, 16), (129, 290), (379, 172), (430, 483), (283, 204), (388, 257), (192, 431), (4, 2), (263, 82), (85, 75), (215, 450), (160, 334), (482, 305), (235, 19), (18, 21), (116, 184), (414, 143), (220, 12), (440, 244), (466, 153), (285, 141), (37, 421), (302, 50), (365, 106), (33, 307), (174, 395), (26, 2), (474, 278), (346, 129), (70, 45), (204, 45), (28, 48), (227, 28), (218, 208), (56, 146), (83, 20), (21, 45), (31, 467), (360, 377), (10, 35), (54, 78), (14, 5), (436, 143), (279, 425), (106, 88), (67, 17), (431, 293), (387, 143), (17, 52), (82, 261), (21, 22), (308, 115), (30, 250), (51, 422), (10, 12), (416, 142), (86, 7), (129, 234), (14, 18), (41, 121), (52, 130), (144, 213), (82, 9), (415, 447), (47, 51), (382, 270), (368, 372), (293, 192), (345, 239), (426, 84), (42, 58), (168, 197), (25, 5), (93, 23), (431, 427), (89, 169), (8, 101), (470, 275), (461, 306), (78, 425), (434, 438), (189, 112), (107, 308), (159, 126), (460, 203), (479, 216), (63, 9), (391, 332), (424, 280), (29, 16), (207, 22), (168, 439), (10, 2), (196, 129), (146, 128), (105, 276), (17, 163), (338, 69), (441, 310), (277, 467), (5, 8), (143, 387), (217, 44), (9, 15), (6, 418), (13, 314), (40, 2), (57, 91), (317, 396), (50, 52), (129, 345), (425, 78), (88, 164), (24, 179), (47, 162), (103, 63), (34, 229), (234, 483), (456, 330), (160, 39), (270, 176), (76, 45), (438, 434), (56, 103), (117, 119), (21, 231), (154, 266), (99, 330), (153, 386), (160, 16), (480, 143), (192, 5), (454, 499), (152, 197), (273, 78), (251, 176), (46, 301), (70, 100), (75, 444), (485, 199), (322, 321), (153, 134), (151, 353), (60, 55), (93, 3), (64, 61), (129, 47), (134, 13), (152, 439), (253, 342), (85, 120), (111, 258), (211, 116), (167, 195), (158, 226), (84, 426), (23, 1), (9, 103), (190, 178), (410, 181), (47, 129), (13, 402), (147, 216), (105, 485), (319, 179), (163, 17), (254, 464), (395, 174), (10, 332), (373, 155), (23, 158), (69, 274), (89, 103), (62, 6), (202, 129), (44, 217), (20, 9), (300, 143), (9, 381), (250, 407), (91, 154), (93, 114), (98, 49), (259, 3), (14, 315), (253, 188), (230, 470), (182, 164), (172, 379), (421, 37), (77, 376), (344, 82), (152, 406), (264, 238), (28, 227), (84, 128), (329, 75), (162, 47), (316, 370), (21, 44), (260, 60), (116, 52), (241, 83), (493, 304), (37, 24), (43, 67), (267, 486), (193, 420), (39, 362), (7, 1), (67, 52), (106, 123), (110, 422), (23, 125), (397, 43), (52, 417), (449, 498), (234, 430), (411, 126), (215, 151), (7, 122), (72, 22), (77, 366), (125, 114), (464, 254), (22, 21), (263, 84), (402, 13), (17, 208), (43, 80), (81, 192), (106, 365), (375, 410), (494, 361), (226, 58), (143, 23), (419, 452), (485, 434), (105, 33), (120, 421), (254, 12), (223, 24), (268, 175), (85, 319), (121, 13), (173, 23), (124, 167), (76, 90), (268, 440), (310, 28), (48, 28), (208, 17), (213, 361), (368, 155), (414, 122), (351, 331), (225, 191), (493, 271), (20, 87), (292, 137), (35, 66), (21, 168), (484, 307), (6, 8), (279, 54), (82, 263), (109, 137), (208, 259), (5, 308), (117, 406), (105, 23), (2, 10), (130, 52), (361, 213), (71, 2), (325, 147), (422, 345), (63, 263), (405, 292), (83, 241), (238, 264), (105, 0), (376, 85), (5, 321), (106, 224), (72, 231), (179, 65), (255, 469), (2, 23), (30, 350), (276, 3), (231, 489), (357, 336), (161, 281), (107, 81), (224, 337), (449, 275), (125, 480), (7, 79), (328, 314), (172, 146), (10, 4), (2, 0), (207, 289), (5, 154), (89, 413), (144, 349), (236, 432), (195, 171), (173, 3), (92, 15), (76, 70), (182, 317), (228, 204), (20, 175), (431, 154), (483, 430), (376, 75), (188, 253), (306, 388), (100, 140), (45, 204), (83, 87), (8, 322), (35, 10), (314, 328), (232, 295), (381, 9), (422, 47), (24, 37), (257, 388), (344, 127), (93, 136), (365, 415), (192, 115), (321, 0), (467, 54), (359, 228), (452, 419), (219, 217), (45, 217), (388, 147), (205, 291), (306, 257), (347, 295), (5, 0), (56, 82), (48, 227), (46, 303), (18, 55), (35, 144), (126, 411), (400, 13), (271, 277), (331, 142), (54, 279), (1, 7), (152, 176), (156, 146), (128, 84), (298, 495), (400, 134), (192, 105), (110, 35), (15, 63), (81, 8), (126, 159), (306, 355), (191, 225), (171, 167), (23, 3), (82, 89), (283, 228), (94, 63), (291, 348), (108, 492), (257, 355), (380, 17), (236, 3), (18, 418), (319, 37), (47, 481), (68, 46), (185, 451), (78, 96), (152, 45), (105, 199), (30, 19), (9, 82), (102, 44), (103, 9), (375, 468), (34, 175), (0, 33), (154, 91), (224, 415), (72, 21), (34, 440), (54, 269), (402, 12), (93, 80), (308, 5), (105, 91), (49, 10), (102, 165), (45, 305), (326, 404), (132, 44), (32, 106), (152, 251), (286, 102), (89, 82), (7, 278), (88, 123), (116, 221), (102, 286), (54, 246), (15, 138), (235, 141), (201, 36), (73, 79), (167, 43), (24, 223), (178, 52), (345, 129), (299, 198), (416, 454), (112, 457), (425, 279), (82, 56), (290, 234), (0, 23), (41, 24), (331, 351), (143, 300), (216, 141), (127, 63), (141, 147), (153, 466), (154, 431), (147, 306), (434, 485), (186, 383), (82, 442), (50, 230), (123, 214), (226, 312), (63, 56), (21, 59), (211, 448), (359, 283), (10, 49), (150, 209), (102, 132), (47, 196), (213, 494), (134, 466), (115, 187), (245, 37), (432, 43), (439, 168), (404, 326), (41, 423), (49, 98), (466, 386), (125, 93), (104, 70), (115, 308), (10, 26), (263, 63), (6, 321), (39, 318), (11, 107), (37, 245), (339, 201), (405, 412), (366, 75), (3, 23), (322, 5), (17, 43), (425, 246), (198, 463), (40, 26), (466, 134), (132, 374), (13, 194), (346, 483), (415, 88), (180, 42), (226, 158), (97, 7), (3, 0), (117, 22), (153, 433), (220, 343), (382, 176), (191, 316), (126, 70), (164, 182), (116, 142), (217, 45), (458, 171), (141, 235), (378, 407), (46, 83), (56, 127), (210, 185), (129, 346), (33, 0), (152, 100), (412, 405), (197, 251), (203, 2), (396, 317), (179, 319), (5, 166), (423, 41), (28, 6), (294, 305), (498, 449), (122, 198), (10, 402), (92, 63), (212, 128), (105, 2), (33, 242), (168, 21), (100, 152), (224, 447), (46, 181), (399, 219), (24, 13), (163, 208), (308, 446), (401, 265), (369, 312), (363, 9), (239, 202), (111, 53), (337, 365), (50, 43), (100, 309), (469, 255), (58, 312), (446, 308), (230, 275), (153, 400), (192, 248), (104, 135), (93, 125), (17, 23), (157, 146), (69, 33), (415, 32), (91, 57), (295, 232), (376, 77), (198, 299), (93, 17), (31, 271), (117, 231), (492, 108), (134, 400), (75, 85), (485, 105), (231, 72), (106, 337), (222, 103), (146, 1), (5, 25), (126, 135), (110, 47), (403, 300), (142, 116), (72, 200), (37, 179), (430, 290), (143, 80), (58, 158), (418, 321), (87, 301), (152, 21), (117, 100), (297, 296), (35, 110), (109, 96), (208, 218), (85, 376), (99, 131), (79, 73), (70, 104), (69, 288), (145, 18), (47, 349), (237, 101), (444, 85), (303, 46), (12, 19), (138, 15), (337, 224), (143, 93), (1, 9), (69, 0), (71, 455), (488, 249), (125, 17), (259, 17), (256, 91), (346, 430), (386, 466), (170, 433), (22, 189), (103, 263), (223, 179), (34, 20), (137, 292), (198, 122), (229, 375), (22, 45), (45, 294), (121, 24), (373, 159), (277, 271), (336, 357), (278, 7), (234, 346), (154, 57), (19, 12), (11, 8), (394, 38), (47, 110), (462, 438), (92, 118), (266, 154), (84, 263), (105, 57), (56, 15), (115, 101), (80, 143), (118, 255), (176, 382), (96, 273), (109, 292), (49, 12), (27, 402), (209, 150), (32, 337), (117, 152), (430, 234), (407, 250), (123, 491), (184, 358), (83, 46), (18, 145), (402, 27), (67, 43), (499, 454), (46, 20), (326, 154), (224, 106), (197, 152), (279, 78), (91, 256), (264, 327), (9, 74), (103, 1), (117, 21), (268, 333), (23, 93), (7, 414), (156, 128), (49, 2), (343, 220), (15, 9), (18, 14), (45, 117), (362, 318), (0, 2), (174, 267), (146, 56), (372, 368), (54, 467), (197, 21), (321, 322), (233, 209), (434, 199), (250, 378), (228, 359), (234, 290), (415, 365), (192, 293), (185, 168), (79, 7), (422, 346), (147, 141), (333, 268), (5, 57), (143, 436), (5, 322), (31, 231), (25, 8), (487, 182), (44, 21), (72, 497), (436, 136), (239, 345), (366, 77), (155, 159), (53, 111), (58, 226), (231, 117), (179, 223), (144, 494), (219, 408), (306, 147), (85, 444), (8, 81), (153, 170), (427, 293), (103, 89), (143, 125), (257, 147), (358, 50), (46, 229), (419, 325), (324, 173), (483, 346), (301, 46), (61, 64), (249, 35), (85, 421), (32, 415), (105, 256), (108, 261), (433, 466), (66, 35), (75, 120), (35, 47), (248, 11), (44, 132), (143, 403), (332, 10), (229, 34), (422, 349), (293, 427), (59, 117), (70, 126), (358, 184), (305, 294), (31, 54), (57, 192), (91, 105), (142, 416), (192, 8), (435, 403), (155, 126), (146, 157), (360, 229), (8, 192), (321, 14), (143, 7), (176, 270), (330, 99), (18, 321), (244, 175), (2, 4), (88, 193), (103, 56), (244, 440), (155, 368), (161, 262), (5, 14), (185, 210), (455, 71), (156, 183), (268, 244), (8, 25), (276, 105), (448, 211), (125, 52), (103, 442), (398, 210), (436, 93), (0, 57), (52, 67), (483, 290), (422, 51), (447, 224), (246, 54), (229, 410), (291, 205), (202, 47), (23, 161), (108, 385), (7, 73), (8, 38), (173, 105), (31, 21), (23, 17), (82, 103), (81, 107), (11, 308), (75, 329), (296, 297), (176, 152), (236, 17), (402, 49), (25, 99), (426, 263), (380, 67), (69, 25), (179, 13), (24, 139), (228, 283), (199, 485), (75, 77), (35, 4), (384, 158), (99, 25), (259, 163), (56, 63), (43, 93), (277, 31), (25, 341), (169, 89), (175, 20), (26, 40), (52, 178), (467, 277), (173, 324), (23, 7), (444, 329), (93, 480), (187, 115), (466, 433), (25, 53), (75, 319), (229, 377), (57, 5), (383, 26), (126, 104), (291, 437), (51, 110), (486, 267), (377, 360), (8, 5), (0, 1), (45, 152), (483, 234), (20, 244), (157, 478), (275, 470), (442, 89), (45, 44), (42, 384), (23, 105), (3, 276), (14, 321), (17, 67), (9, 63), (436, 50), (0, 14), (480, 93), (158, 42), (2, 203), (68, 377), (10, 27), (377, 229), (4, 249), (53, 25), (45, 21), (151, 2), (36, 201), (290, 346), (231, 31), (327, 264), (334, 160), (78, 54), (15, 263), (290, 202), (308, 107), (422, 129), (5, 69), (334, 16), (169, 177), (330, 131), (349, 144), (131, 330), (252, 211), (169, 442), (3, 1), (125, 143), (272, 162), (49, 4), (475, 341), (221, 116), (292, 405), (60, 18), (112, 294), (271, 467), (282, 476), (140, 392), (481, 47), (2, 49), (43, 50), (231, 21), (78, 273), (243, 111), (14, 288), (143, 173), (55, 60), (162, 272), (16, 334), (105, 3), (103, 222), (282, 453), (317, 182), (60, 260), (454, 416), (12, 220), (205, 206), (164, 88), (2, 26), (156, 84), (26, 383), (290, 313), (410, 229), (14, 0), (146, 156), (196, 422), (182, 487), (311, 228), (229, 46), (361, 494), (4, 49), (376, 366), (358, 52), (169, 265), (36, 1), (87, 83), (52, 125), (59, 21), (265, 89), (9, 20), (134, 280), (183, 56), (80, 43), (159, 373), (46, 87), (6, 14), (115, 446), (58, 61), (203, 150), (494, 213), (20, 34), (43, 17), (0, 321), (421, 85), (42, 174), (296, 90), (141, 216), (273, 335), (259, 208), (176, 439), (238, 5), (195, 43), (192, 154), (101, 115), (471, 63), (47, 144), (0, 69), (30, 320), (211, 252), (104, 126), (244, 20), (35, 26), (99, 456), (463, 473), (181, 229), (24, 282), (45, 76), (91, 192), (439, 152), (23, 173), (298, 112), (267, 390), (113, 103), (282, 24), (487, 164), (480, 125), (82, 344), (129, 196), (462, 485), (171, 458), (421, 75), (3, 236), (403, 435), (40, 383), (135, 126), (494, 144), (273, 96), (82, 465), (81, 11), (375, 229), (73, 7), (433, 170), (143, 480), (56, 183), (490, 295), (0, 288), (463, 198), (23, 42), (224, 32), (1, 23), (436, 445), (210, 398), (213, 144), (321, 6), (413, 89), (116, 211), (110, 51), (83, 34), (256, 105), (12, 10), (50, 302), (17, 125), (63, 92), (123, 106), (1, 0), (33, 69), (308, 8), (22, 59), (255, 118), (279, 246), (5, 6), (453, 282), (37, 75), (84, 156), (15, 56), (5, 91), (249, 488), (21, 72), (443, 210), (146, 103), (3, 432), (9, 363), (105, 71), (117, 45), (26, 186), (208, 163), (154, 192), (364, 181), (376, 421), (22, 72), (103, 146), (129, 284), (366, 376), (105, 192), (42, 23), (418, 14), (305, 482), (2, 215), (63, 82), (14, 418), (275, 230), (8, 115), (300, 403), (107, 8), (307, 33), (346, 290), (367, 84), (2, 71), (290, 129), (111, 243), (17, 236), (84, 146), (91, 5), (0, 3), (314, 13), (334, 28), (38, 115), (103, 15), (154, 326), (315, 14), (93, 50), (347, 232), (44, 45), (430, 346), (478, 157), (139, 282), (308, 11), (413, 442), (178, 130), (127, 344), (121, 41), (5, 238), (141, 19), (57, 105), (229, 68), (93, 436), (408, 219), (232, 222), (420, 193), (186, 26), (275, 449), (87, 20), (127, 56), (49, 402), (203, 460), (350, 250), (142, 221), (103, 113), (322, 8), (206, 205), (118, 92), (143, 414), (250, 19), (88, 106), (19, 235), (157, 205), (127, 442), (355, 306), (192, 428), (216, 147), (215, 2), (39, 334), (5, 192), (17, 432), (23, 97), (125, 1), (346, 234), (431, 192), (323, 479), (263, 56), (242, 33), (288, 0), (97, 23), (393, 22), (248, 192), (495, 298), (158, 384), (154, 5), (167, 124), (421, 120), (297, 90), (100, 70), (224, 365), (219, 399), (132, 102), (365, 224), (28, 310), (130, 178), (410, 375), (20, 46), (307, 484), (447, 415), (261, 108), (240, 85), (406, 117), (84, 103), (47, 35), (322, 11), (319, 85), (370, 316), (199, 434), (210, 443), (71, 105), (258, 111), (388, 306), (93, 43), (292, 109), (89, 9), (432, 3), (75, 376), (442, 169), (6, 16), (166, 5), (179, 24), (152, 70), (70, 117), (7, 97), (47, 133), (422, 196), (82, 127), (21, 117), (150, 2), (175, 440), (17, 3), (35, 51), (319, 75), (321, 5), (184, 116), (22, 117), (101, 81), (293, 431), (444, 75), (427, 431), (179, 37), (165, 102), (371, 207), (183, 156), (162, 133), (316, 191), (374, 132), (247, 177), (152, 168), (63, 127), (75, 366), (202, 290), (337, 106), (18, 60), (133, 47), (321, 18), (61, 58), (461, 257), (389, 9), (171, 195), (295, 490), (11, 322), (34, 46), (287, 226), (204, 228), (16, 28), (201, 339), (136, 93), (497, 72), (120, 85), (39, 160), (440, 175), (320, 30), (176, 251), (39, 16), (398, 443), (131, 99), (216, 323), (123, 95), (392, 140), (67, 380), (183, 146), (437, 291), (31, 277), (350, 30), (257, 216), (341, 475), (175, 34), (8, 6), (13, 121), (115, 248), (1, 146), (45, 189), (385, 108), (63, 94), (117, 70), (149, 102), (383, 40), (120, 75), (349, 47), (345, 422), (269, 54), (146, 478), (450, 215), (13, 134), (265, 169), (112, 76), (485, 438), (445, 136), (82, 84), (473, 463), (12, 254), (106, 32), (214, 123), (45, 22), (82, 169), (288, 274), (442, 103), (32, 88), (310, 441), (330, 456), (196, 47), (96, 109), (269, 31), (409, 191), (340, 320), (37, 319), (125, 23), (440, 34), (478, 146), (81, 101), (353, 151), (270, 382), (184, 50), (436, 414), (144, 422)]

# 1000
# [(236, 505), (352, 42), (197, 168), (741, 3), (880, 347), (62, 883), (0, 5), (754, 616), (43, 195), (511, 300), (558, 3), (468, 375), (608, 269), (594, 334), (93, 52), (790, 129), (42, 352), (609, 499), (306, 461), (286, 748), (115, 192), (331, 899), (82, 15), (404, 969), (88, 95), (415, 224), (855, 496), (159, 155), (467, 271), (75, 421), (257, 461), (548, 79), (590, 750), (142, 331), (92, 739), (919, 517), (202, 345), (122, 7), (418, 6), (537, 860), (265, 401), (485, 670), (136, 436), (394, 960), (123, 88), (487, 859), (125, 772), (8, 107),(188, 74), (312, 369), (372, 649), (547, 501), (560, 620), (588, 273), (676, 386), (56, 263), (5, 855), (648, 812), (104, 834), (989, 733), (348, 291), (432, 928), (181, 34), (557, 959), (84, 367), (204, 283), (406, 152), (63, 15), (233, 755), (216, 257), (1, 103), (669, 611), (21, 18), (342, 253), (367, 426), (3, 558), (640, 584), (686, 551), (90, 297), (158, 23), (833, 341), (948, 328), (319, 614), (701, 307), (280, 134), (2, 40), (170, 936), (95, 88), (386, 560), (331, 624), (402, 10), (501, 547), (562, 377), (827, 797), (929, 579), (424, 672), (59, 22), (496, 23), (192, 57), (163, 259), (33, 558), (150, 963), (211, 793), (422, 110), (601, 341), (278, 474), (312, 58), (77, 75), (240, 627), (443, 398), (115, 38), (323, 216), (21, 31), (19, 250), (948, 979), (564, 50), (112, 298), (70, 152), (590, 825), (443, 663), (124, 43), (718, 373), (750, 176), (706, 893), (48, 807), (162, 829), (294, 45), (308, 883), (290, 569), (24, 41), (839, 519), (229, 181), (21, 152), (776, 579), (146, 183), (265, 512), (620, 560), (505, 759), (72, 117), (560, 466), (680, 382), (547, 118), (775, 354), (179, 854), (859, 613), (439, 176), (564, 436), (644, 279), (731, 284), (412, 796), (572, 934), (6, 28), (325, 419), (476, 817), (80, 93), (635, 581), (320, 340), (739, 818), (883, 8), (192, 11), (51, 35), (271, 304), (551, 209), (834, 152), (103, 82), (181, 410), (913, 445), (830, 447), (161, 23), (723, 321), (16, 459), (52, 116), (693, 149), (312, 866), (101, 237), (843, 731), (101, 8), (234, 129), (970, 426), (6, 5), (2, 151), (720, 251), (7, 86), (659, 12),(299, 523), (40, 937), (405, 541), (884, 130), (358, 429), (167, 898), (442, 688), (305, 45), (63, 103), (814, 151), (879, 51), (52, 93), (151, 215), (47, 652), (475, 721), (84, 82), (381, 677), (55, 18), (80, 191), (800, 926), (52, 358), (356, 95), (634, 485), (750, 251), (345, 202), (389, 803), (95, 356), (3, 93), (826, 17), (191, 409), (527, 507), (226, 287), (15, 103), (90, 771), (181, 364), (54, 31), (928, 787), (13, 179), (74, 9), (928, 558), (992, 314), (479, 323), (972, 750), (609, 698), (700, 291), (19, 567), (135, 104), (30, 576), (528, 444), (863, 434), (594, 160), (44, 102), (365, 337), (522, 141), (201, 580), (2, 105), (9, 1), (429, 358), (336, 130), (928, 5), (996, 963), (362, 39), (93, 143), (130, 556), (40, 891), (46, 68), (548, 278), (594, 16), (216, 479), (58, 42), (855, 57), (442, 413), (46, 562), (531, 82), (9, 531), (654, 152), (88, 415), (46, 598), (623, 573), (134, 153), (900, 64), (414, 436), (960, 115), (507, 398), (114, 961), (726, 851), (13, 12), (927, 612), (537, 277), (502, 548), (407, 576), (507, 663), (189, 991), (207, 371), (451, 997), (123, 637), (791, 13), (332, 402), (662, 277), (928, 18), (904, 564), (346, 422), (334, 39), (562, 46), (453, 139), (870, 836), (263, 15), (248, 115), (670, 927), (65, 179), (871, 279), (445, 436), (537, 519), (543, 828), (228, 587), (618, 593), (738, 280), (630, 567), (69, 5), (405, 894), (730, 425), (28, 907), (797, 335), (360, 68), (144, 35), (115, 8), (741, 928), (716, 526), (962, 667), (43, 397), (563, 778), (136, 445), (969, 154), (865, 591), (128, 212), (982, 618), (712, 757),(830, 224), (209, 551), (35, 249), (152, 834), (567, 30), (827, 335), (117, 59), (251, 813), (88, 32), (281, 161), (410, 46), (194, 13), (45, 70), (660, 194), (250, 30), (924, 532), (178, 190), (17, 93), (9, 89), (22, 845), (562, 301), (52, 50), (194, 808), (4, 10), (62, 509), (322, 585), (22, 207), (222, 232), (304, 271), (329, 444), (383, 186), (349, 422), (800, 209), (899, 331), (803, 363), (25, 69), (277, 662), (199, 105), (38, 8), (251, 152), (42, 158), (523, 574), (117, 72), (262, 161), (282, 139), (169, 82), (485, 584), (70, 76), (706, 323), (532, 924), (1, 125), (141, 285), (579, 776), (19, 30), (119, 117), (205, 157), (23, 0), (494, 668), (670, 485), (457, 112), (677, 381), (80, 125), (871, 246), (85, 240), (38, 394), (31, 269), (806, 940), (68, 645), (414, 7), (692, 509),(552, 120), (353, 814), (102, 149), (236, 0), (263, 103), (318, 39), (538, 42), (26, 10), (246, 279), (793, 448), (579, 488), (862, 956), (512, 169), (21, 197), (477, 211), (621, 750), (221, 142), (52, 184), (167, 171), (236, 759), (842, 718), (438, 485), (90, 296), (934, 572), (334, 922), (82, 63), (554, 925), (321, 723), (934, 163), (418, 18), (656, 335), (676, 542), (728, 732), (100, 117), (146, 84), (864, 184), (979, 314), (12, 4), (87, 901), (176, 750), (158, 58), (271, 493), (33, 701), (426, 367), (302, 709), (150, 203), (189, 45), (139, 453), (523, 299), (741, 787), (618, 982), (442, 82), (598, 887), (655, 375), (230, 577), (184, 52), (759, 432), (491, 123), (95, 123), (333, 440), (181, 46), (15, 688), (76, 518), (105, 173), (438, 462), (467, 31), (21, 439), (170, 153), (283, 359), (175, 268), (306, 980), (128, 156), (0, 236), (8, 11), (352, 538), (466, 560), (874, 763), (164, 487), (902, 453), (52, 17), (152, 104), (290, 483), (28, 334), (337, 415), (50, 93), (257, 306), (75, 37), (189, 22), (772, 114), (630, 30), (32, 224), (50, 358), (229, 360), (129, 422), (789, 23), (871, 730), (3, 17), (19, 141), (112, 189), (350, 506), (177, 169), (472, 352), (710, 669), (957, 918), (542, 676), (958, 654), (219, 809), (7, 23), (376, 909), (821, 356), (112, 45), (618, 442), (45, 809), (451, 185), (511, 50), (498, 754), (152, 117), (814, 353), (855, 125), (842, 155), (807, 48), (171, 890), (239, 530), (574, 749), (0, 105), (288, 14), (20, 83), (89, 442), (217, 219), (3, 259), (605, 593), (284, 129), (964, 791), (202, 239), (289, 207), (96, 78), (280, 424), (883, 308), (232, 347), (341, 25), (45, 112), (130, 336), (511, 436), (702, 153), (17, 50), (2, 150), (836, 870), (846, 426), (147, 388), (128, 146), (247, 512), (627, 733), (162, 962), (197, 654), (537, 839), (926, 800), (22, 393), (68, 360), (935, 211), (974, 431), (649, 671), (9, 985), (45, 642), (230, 50), (419, 703), (615, 349), (573, 532), (440, 268), (696, 194), (997, 451), (304, 493), (329, 666), (429, 753), (51, 47), (390, 267), (47, 422), (654, 197), (556, 336), (337, 32), (24, 704), (377, 68), (611, 235), (965, 504), (146, 172), (507, 443), (405, 661), (386, 153), (891, 963), (188, 812), (949, 230), (179, 614), (421, 376), (249, 4), (883, 321), (648, 9), (977, 105), (76, 112), (528, 767), (209, 233), (439, 21), (74, 188), (105, 670), (11, 248), (267, 174), (301, 87), (762, 296), (313, 290), (179, 964), (69, 338), (250, 350), (712, 295), (636, 714), (607, 916), (624, 331), (147, 257), (415, 337), (581, 635), (599, 912), (274, 69), (963, 551), (139, 24), (584, 640), (104, 152), (68, 229), (16, 39), (835, 142), (432, 17), (901, 87), (688, 617), (78, 279), (141, 893), (904, 995), (727, 316), (328, 948), (3, 105), (991, 654), (2, 814), (772, 961), (216, 743), (16, 160), (512, 247), (671, 649), (703, 452), (173, 143), (11, 81), (588, 916), (103, 84), (207, 550), (363, 389), (14, 6), (114, 93), (1, 36), (195, 167), (33, 105), (890, 171), (89, 265), (511, 403), (194, 696), (928, 17), (725, 103), (976, 359), (185, 912), (168, 185), (15, 92), (299, 525), (569, 349), (862, 602), (125, 80), (807, 28), (872, 423), (274, 288), (452, 703), (456, 99), (13, 24),(699, 580), (432, 236), (16, 29), (295, 347), (155, 373), (261, 354), (34, 83), (352, 472), (425, 871), (579, 929), (774, 610), (50, 436), (17, 259), (251, 197), (963, 891), (4, 814), (980, 306), (140, 100), (791, 964), (177, 247), (43, 167), (202, 569), (234, 638), (595, 909), (271, 31), (17, 789), (177, 512), (43, 432), (17, 380), (4, 32), (16, 6), (98, 862), (331, 835), (440, 333), (332, 391), (46, 34), (685, 695), (37, 65), (50, 184), (618, 605), (42, 180), (28, 16), (118, 547), (321, 418), (148, 81), (676, 466), (11, 192), (489, 231), (591, 916), (400, 153), (290, 430), (111, 953), (144, 47), (90, 76), (188, 648), (538, 352), (565, 220), (15, 82), (224, 830), (703, 419), (34, 181), (575, 270), (193, 88), (12, 13), (378, 250), (485, 462), (289, 550), (648, 74), (854, 179), (82, 108),(896, 325), (8, 308), (228, 311), (1, 3), (532, 573), (12, 49), (106, 959), (9, 389), (969, 431), (576, 765), (927, 434), (334, 594), (81, 148), (705, 92), (288, 69), (442, 127), (428, 192), (540, 433), (294, 112), (991, 189), (23, 143), (962, 162), (92, 688), (50, 17), (122, 414), (857, 634), (168, 152), (384, 42), (972, 621), (812, 74), (126, 155), (917, 276), (318, 362), (263, 426), (13, 400), (470, 230), (198, 525), (876, 360), (32, 4), (641, 48), (664, 626), (567, 19), (129, 202), (697, 623), (806, 301), (704, 24), (311, 587), (860, 537), (65, 37), (244, 268), (476, 282), (389, 363), (27, 10), (580, 339), (602, 98), (24, 121), (141, 706), (70, 991), (402, 332), (355, 257), (417, 52), (531, 74), (959, 106), (425, 730), (781, 594), (661, 412), (354, 261), (41, 704), (57, 154), (446, 115), (335, 656), (918, 599), (366, 909), (46, 410), (107, 11), (211, 477), (4, 35), (507, 210), (192, 91), (301, 901), (643, 930), (563, 492), (22, 991), (63, 471), (227, 48), (422, 144), (174, 42), (433, 153), (599, 185), (419, 892), (466, 824), (771, 297), (729, 151), (4, 12), (227, 807), (486, 838), (47, 202), (87, 46), (127, 82), (261, 82), (133, 162), (599, 715), (767, 528), (200, 72), (748, 286), (600, 271), (147, 325), (175, 244), (26, 35), (883, 101), (949, 275), (43, 124), (822, 91), (756, 820), (465, 82), (12, 402), (306, 583), (467, 537), (309, 100), (6, 62), (807, 227), (3, 173), (23, 2), (547, 911), (49, 814), (7, 143), (403, 143), (246, 425), (718, 155), (23, 496), (292, 541), (257, 583), (835, 331), (191, 80), (137, 109), (57, 0), (359, 976), (711, 524), (108, 82), (335, 273),(787, 928), (114, 125), (407, 378), (527, 443), (938, 14), (312, 226), (192, 81), (198, 878), (70, 958), (129, 290), (459, 16), (873, 150), (548, 502), (670, 199), (960, 38), (379, 172), (430, 483), (563, 747), (623, 532), (283, 204), (388, 257), (21, 958), (398, 679), (192, 431), (630, 19), (4, 2), (263, 82), (546, 25), (604, 146), (954, 753), (690, 69), (860, 746), (85, 75), (115, 592), (215, 450), (160, 334), (163, 934), (383, 937), (235, 19), (482, 305), (535, 397), (648, 188), (18, 21), (626, 664), (736, 795), (116, 184), (893, 141), (964, 659), (622, 172), (50, 504), (220, 12), (414, 143), (440, 244), (466, 153), (285, 141), (621, 176), (272, 962), (720, 972), (37, 421), (302, 50), (367, 970), (496, 855), (365, 106), (834, 176), (33, 307), (174, 395), (259, 619), (800, 708), (26, 2),(474, 278), (176, 621), (346, 129), (605, 618), (70, 45), (675, 942), (204, 45), (28, 48), (42, 886), (890, 458), (227, 28), (750, 972), (218, 208), (269, 519), (56, 146), (701, 33), (83, 20), (959, 557), (21, 45), (583, 306), (31, 467), (360, 377), (479, 743), (883, 418), (709, 302), (790, 110), (10, 35), (669, 903), (613, 859), (419, 728), (54, 78), (14, 5), (436, 143), (279, 425), (106, 88), (67, 17), (275, 949), (611, 669), (314, 791), (625, 424), (431, 293), (818, 739), (558, 105), (920, 341), (921, 831), (649, 372), (387, 143), (17, 52), (82, 261), (475, 601), (625, 280), (813, 251), (292, 894), (21, 22), (308, 115), (30, 250), (51, 422), (809, 217), (96, 610), (923, 239), (489, 950), (10, 12), (906, 564), (610, 273), (416, 142), (91, 760), (324, 553), (517, 868), (86, 7), (500, 141),(629, 780), (129, 234), (14, 18), (931, 593), (41, 121), (52, 130), (144, 213), (82, 9), (907, 6), (415, 447), (47, 51), (382, 270), (368, 372), (8, 883), (293, 192), (209, 873), (345, 239), (294, 831), (426, 84), (878, 473), (42, 58), (159, 643), (168, 197), (925, 554), (16, 594), (36, 801), (504, 906), (344, 688), (714, 636), (25, 5), (93, 23), (431, 427), (89, 169), (8, 101), (470, 275), (461, 306), (78, 425), (637, 123), (434, 438), (170, 508), (46, 887), (189, 112), (851, 726), (107, 308), (787, 741), (159, 126), (341, 920), (358, 564), (388, 852), (460, 203), (479, 216), (63, 9), (391, 332), (424, 280), (29, 16), (305, 674), (207, 22), (958, 70), (247, 998), (168, 439), (10, 2), (196, 129), (817, 476), (887, 46), (830, 415), (146, 128), (105, 276), (17, 163), (338, 69), (179, 570), (441, 310), (276, 917), (277, 467), (5, 8), (746, 537), (143, 387), (217, 44), (526, 125), (9, 15), (894, 292), (6, 418), (878, 198), (13, 314), (40, 2), (0, 869), (829, 162), (57, 91), (317, 396), (434, 981), (701, 242), (50, 52), (129, 345), (967, 541), (425, 78), (88, 164), (951, 453), (992, 979), (24, 179), (383, 606), (146, 779), (105, 927), (319, 850), (47, 162), (103, 63), (34, 229), (234, 483), (456, 330), (30, 567), (160, 39), (603, 200), (610, 96), (36, 647), (770, 377), (688, 344), (12, 964), (533, 141), (612, 434), (270, 176), (76, 45), (960, 394), (733, 989), (706, 743), (438, 434), (56, 103), (117, 119), (683, 759), (21, 231), (154, 266), (99, 330), (69, 945), (153, 386), (373, 718), (467, 582), (160, 16), (771, 90), (480, 143), (574, 299), (868, 517), (192, 5), (0, 558), (434, 670), (454, 499), (512, 998), (550, 207), (633, 650), (785, 110), (152, 197), (562, 181), (928, 418), (273, 78), (72, 991), (850, 993), (251, 176), (46, 301), (509, 62), (688, 442), (794, 460), (70, 100), (75, 444), (485, 199), (322, 321), (946, 328), (153, 134), (151, 353), (60, 55), (93, 3), (478, 568), (721, 475), (295, 712), (991, 70), (962, 272), (585, 322), (270, 575), (540, 170), (64, 61), (180, 538), (280, 625), (129, 47), (134, 13), (152, 439), (253, 342), (85, 120), (111, 258), (211, 116), (739, 92), (573, 697), (977, 558), (167, 195), (158, 226), (84, 426), (736, 840), (80, 535), (23, 1), (9, 103), (190, 178), (474, 840), (410, 181), (47, 129), (13, 402), (147, 216), (772, 125), (105, 485), (227, 999), (319, 179), (591, 607), (407, 786), (163, 17), (254, 464), (453, 902),(395, 174), (901, 46), (10, 332), (373, 155), (548, 7), (922, 334), (764, 651), (95, 821), (788, 370), (23, 158), (260, 888), (672, 424), (69, 274), (89, 103), (62, 6), (837, 640), (202, 129), (691, 28), (109, 841), (44, 217), (20, 9), (300, 143), (154, 763), (195, 535), (729, 814), (341, 589), (382, 590), (672, 280), (98, 602), (924, 235), (9, 381), (754, 498), (250, 407), (72, 958), (91, 154), (93, 114), (720, 621), (98, 49), (259, 3), (14, 315), (535, 432), (593, 931), (253, 188), (102, 693), (154, 969), (230, 470), (151, 814), (182, 164), (795, 736), (172, 379), (735, 642), (421, 37), (77, 376), (356, 694), (750, 621), (344, 82), (152, 406), (170, 540), (651, 764), (264, 238), (28, 227), (84, 128), (57, 928), (855, 5), (329, 75), (162, 47), (316, 370), (706, 147), (21, 44), (260, 60),(648, 56), (155, 718), (808, 194), (116, 52), (568, 478), (241, 83), (601, 475), (587, 311), (363, 832), (493, 304), (37, 24), (509, 657), (43, 67), (267, 486), (564, 184), (39, 362), (7, 1), (106, 123), (67, 52), (193, 420), (110, 422), (23, 125), (627, 240), (72, 804), (120, 552), (489, 684), (219, 823), (397, 43), (907, 28), (52, 417), (742, 635), (449, 498), (597, 482), (234, 430), (411, 126), (28, 999), (215, 151), (7, 122), (916, 607), (555, 256), (72, 22), (77, 366), (125, 114), (436, 564), (537, 467), (602, 862), (464, 254), (22, 21), (263, 84), (724, 293), (402, 13), (17, 208), (511, 414), (43, 80), (81, 192), (106, 365), (375, 410), (494, 361), (235, 924), (436, 914), (432, 535), (226, 58), (592, 115), (143, 23), (927, 105), (961, 772), (762, 297), (419, 452), (60, 928), (485, 434),(614, 319), (105, 33), (666, 329), (120, 421), (538, 180), (657, 509), (150, 858), (110, 785), (659, 964), (551, 873), (254, 12), (812, 648), (757, 712), (223, 24), (268, 175), (85, 319), (121, 13), (674, 305), (564, 848), (173, 23), (444, 666), (763, 154), (887, 598), (124, 167), (442, 593), (821, 95), (76, 90), (268, 440), (310, 28), (48, 28), (208, 17), (213, 361), (368, 155), (414, 122), (351, 331), (548, 988), (368, 649), (311, 932), (746, 860), (40, 963), (102, 758), (225, 191), (493, 271), (20, 87), (508, 170), (531, 648), (292, 137), (18, 651), (35, 66), (21, 168), (484, 307), (431, 969), (759, 17), (953, 111), (6, 8), (279, 54), (573, 235), (594, 29), (82, 263), (319, 993), (109, 137), (208, 259), (791, 314), (5, 308), (809, 219), (117, 406), (964, 13), (105, 23), (577, 470), (693, 44),(2, 10), (789, 17), (322, 631), (684, 489), (130, 52), (264, 689), (361, 213), (13, 964), (71, 2), (325, 147), (422, 345), (63, 263), (405, 292), (888, 260), (83, 241), (238, 264), (105, 0), (658, 292), (638, 234), (376, 85), (5, 321), (106, 224), (570, 179), (72, 231), (102, 748), (179, 65), (277, 600), (576, 30), (255, 469), (293, 724), (870, 885), (2, 23), (17, 826), (78, 656), (744, 251), (406, 750), (680, 761), (30, 350), (276, 3), (231, 489), (357, 336), (825, 590), (652, 290), (930, 643), (12, 567), (161, 281), (759, 236), (107, 81), (28, 691), (224, 337), (963, 2), (654, 70), (375, 655), (449, 275), (125, 480), (7, 79), (65, 578), (328, 314), (912, 185), (732, 892), (172, 146), (906, 965), (916, 335), (958, 72), (209, 708), (152, 991), (208, 514), (10, 4), (842, 126), (897, 816), (2, 0),(301, 562), (524, 225), (115, 960), (708, 800), (783, 565), (921, 944), (207, 289), (43, 675), (292, 513), (5, 154), (89, 413), (144, 349), (149, 693), (236, 432), (883, 14), (789, 7), (912, 715), (360, 876), (536, 464), (195, 171), (558, 977), (350, 719), (173, 3), (756, 95), (92, 15), (337, 520), (865, 905), (698, 499), (623, 697), (76, 70), (182, 317), (228, 204), (20, 175), (562, 229), (431, 154), (483, 430), (353, 729), (325, 896), (376, 75), (188, 253), (306, 388), (100, 140), (45, 204), (643, 159), (323, 706), (349, 615), (83, 87), (8, 322), (35, 10), (882, 849), (314, 328), (506, 678), (549, 231), (848, 564), (232, 295), (381, 9), (422, 47), (181, 887), (551, 686), (24, 37), (153, 676), (257, 388), (601, 952), (344, 127), (638, 345), (93, 136), (95, 820), (518, 545), (365, 415), (192, 115),(321, 0), (467, 54), (38, 960), (761, 680), (834, 750), (359, 228), (452, 419), (219, 217), (633, 122), (972, 720), (45, 217), (314, 979), (943, 284), (294, 921), (188, 531), (327, 689), (803, 389), (388, 147), (205, 291), (306, 257), (347, 295), (5, 0), (56, 82), (114, 581), (679, 210), (48, 227), (51, 790), (186, 606), (46, 303), (18, 55), (810, 141), (152, 958), (569, 752), (35, 144), (349, 569), (273, 610), (126, 411), (895, 364), (631, 849), (767, 444), (400, 13), (991, 72), (271, 277), (331, 142), (894, 405), (341, 601), (54, 279), (594, 781), (313, 768), (1, 7), (314, 992), (152, 176), (606, 383), (156, 146), (128, 84), (433, 540), (298, 495), (586, 782), (400, 134), (192, 105), (110, 35), (15, 63), (200, 603), (81, 8), (126, 159), (306, 355), (163, 572), (656, 96), (191, 225), (171, 167), (23, 3), (82, 89), (305, 921), (247, 571), (283, 228), (94, 63), (949, 577), (250, 576), (732, 728), (291, 348), (809, 45), (108, 492), (402, 673), (257, 355), (307, 701), (380, 17), (146, 604), (236, 3), (111, 646), (18, 418), (31, 537), (108, 986), (556, 130), (844, 417), (319, 37), (761, 382), (255, 547), (675, 50), (509, 692), (47, 481), (434, 927), (68, 46), (117, 991), (225, 524), (185, 451), (196, 726), (804, 200), (883, 115), (78, 96), (152, 45), (105, 199), (566, 408), (15, 534), (30, 19), (9, 82), (102, 44), (103, 9), (375, 468), (34, 175), (0, 33), (154, 91), (224, 415), (845, 991), (72, 21), (235, 573), (34, 440), (54, 269), (467, 816), (402, 12), (93, 80), (308, 5), (105, 91), (952, 601), (49, 10), (102, 165), (445, 913), (576, 350), (45, 305), (326, 404), (790, 422), (132, 44), (32, 106),(152, 251), (286, 102), (784, 873), (321, 883), (89, 82), (667, 962), (941, 182), (7, 278), (88, 123), (816, 596), (417, 707), (946, 791), (116, 221), (102, 286), (54, 246), (15, 138), (924, 623), (522, 500), (994, 984), (235, 141), (201, 36), (42, 766), (73, 79), (628, 252), (167, 43), (24, 223), (341, 833), (178, 52), (345, 129), (255, 501), (963, 996), (519, 839), (850, 319), (670, 105), (766, 42), (881, 783), (937, 40), (299, 198), (927, 670), (416, 454), (621, 972), (801, 36), (112, 457), (814, 729), (964, 179), (18, 938), (514, 208), (202, 530), (425, 279), (82, 56), (290, 234), (688, 15), (892, 419), (0, 23), (41, 24), (270, 750), (215, 814), (331, 351), (52, 707), (143, 300), (216, 141), (504, 50), (127, 63), (141, 147), (91, 555), (264, 855), (499, 609), (565, 783), (574, 523), (279, 871), (153, 466), (25, 546), (147, 306), (154, 431), (621, 720), (434, 485), (531, 9), (186, 383), (613, 487), (938, 18), (82, 442), (50, 230), (123, 214), (670, 612), (687, 27), (875, 721), (277, 537), (226, 312), (867, 488), (964, 12), (47, 569), (63, 56), (80, 517), (141, 533), (646, 111), (855, 105), (21, 59), (251, 750), (211, 448), (840, 736), (359, 283), (242, 701), (0, 759), (905, 865), (10, 49), (150, 209), (16, 883), (47, 196), (102, 132), (213, 494), (652, 47), (284, 554), (429, 792), (737, 908), (134, 466), (382, 680), (115, 187), (245, 37), (432, 43), (439, 168), (18, 928), (404, 326), (393, 991), (41, 423), (49, 98), (466, 386), (125, 93), (104, 70), (681, 231), (115, 308), (10, 26), (347, 880), (44, 693), (64, 900), (750, 590), (832, 363), (922, 28), (263, 63), (6, 321), (386, 542), (39, 318),(11, 107), (37, 245), (891, 40), (339, 201), (405, 412), (555, 91), (366, 75), (3, 23), (838, 559), (408, 566), (63, 648), (322, 5), (862, 98), (17, 43), (425, 246), (300, 511), (198, 463), (40, 26), (572, 939), (979, 948), (733, 627), (466, 134), (980, 355), (577, 230), (79, 548), (132, 374), (13, 194), (346, 483), (415, 88), (103, 725), (180, 42), (269, 608), (226, 158), (504, 511), (866, 369), (155, 543), (97, 7), (921, 305), (3, 0), (117, 22), (153, 433), (965, 906), (220, 343), (382, 176), (191, 316), (126, 70), (498, 616), (162, 667), (984, 101), (990, 32), (164, 182), (839, 537), (116, 142), (217, 45), (458, 171), (811, 438), (141, 235), (845, 22), (378, 407), (46, 83), (672, 625), (56, 127), (210, 185), (141, 500), (129, 346), (199, 670), (386, 676), (581, 772), (871, 425), (950, 489), (210, 679), (33, 0), (576, 19), (152, 100), (412, 405), (840, 474), (197, 251), (928, 321), (629, 519), (203, 2), (396, 317), (179, 319), (5, 166), (769, 41), (991, 117), (74, 531), (423, 41), (28, 6), (294, 305), (573, 623), (697, 924), (498, 449), (280, 672), (887, 181), (122, 198), (366, 595), (10, 402), (92, 63), (511, 504), (212, 128), (126, 842), (105, 2), (617, 442), (33, 242), (937, 383), (168, 21), (100, 152), (224, 447), (46, 181), (229, 562), (535, 80), (463, 878), (772, 581), (399, 219), (24, 13), (163, 208), (537, 269), (308, 446), (599, 918), (734, 963), (70, 654), (722, 580), (401, 265), (519, 629), (443, 527), (125, 855), (984, 994), (369, 312), (28, 922), (363, 9), (551, 963), (239, 202), (111, 53), (337, 365), (50, 43), (313, 682), (100, 309), (469, 255), (520, 337), (58, 312), (446, 308), (698, 609),(230, 275), (639, 294), (254, 632), (251, 972), (153, 400), (749, 574), (467, 596), (192, 248), (883, 16), (104, 135), (632, 254), (814, 2), (663, 507), (380, 713), (101, 883), (176, 834), (93, 125), (569, 234), (928, 432), (17, 23), (157, 146), (69, 33), (158, 636), (517, 80), (532, 697), (432, 759), (415, 32), (969, 326), (321, 928), (91, 57), (488, 776), (873, 209), (295, 232), (376, 77), (251, 720), (198, 299), (93, 17), (31, 271), (773, 536), (117, 231), (301, 806), (492, 108), (134, 400), (75, 85), (438, 811), (819, 768), (610, 774), (485, 105), (231, 72), (889, 201), (106, 337), (222, 103), (928, 0), (751, 224), (146, 1), (5, 25), (126, 135), (290, 652), (5, 928), (768, 313), (27, 687), (110, 47), (403, 300), (142, 116), (721, 875), (17, 759), (938, 315), (72, 200), (749, 299), (37, 179), (430, 290),(143, 80), (467, 586), (634, 434), (877, 341), (718, 842), (524, 711), (58, 158), (596, 816), (31, 958), (883, 6), (968, 459), (418, 321), (84, 970), (87, 301), (220, 565), (893, 285), (594, 626), (152, 21), (981, 434), (117, 100), (297, 296), (35, 110), (109, 96), (208, 218), (557, 106), (85, 376), (99, 131), (79, 73), (70, 104), (69, 288), (145, 18), (47, 349), (237, 101), (459, 968), (444, 85), (303, 46), (12, 19), (96, 656), (673, 402), (326, 969), (138, 15), (337, 224), (143, 93), (567, 12), (812, 188), (1, 9), (545, 518), (793, 211), (861, 229), (571, 247), (69, 0), (71, 455), (488, 249), (6, 883), (125, 17), (259, 17), (256, 91), (346, 430), (386, 466), (661, 405), (170, 433), (382, 761), (22, 189), (103, 263), (172, 622), (223, 179), (834, 104), (657, 62), (34, 20), (137, 292), (198, 122), (229, 375),(678, 350), (22, 45), (531, 188), (737, 404), (45, 294), (121, 24), (438, 634), (612, 670), (373, 159), (883, 81), (277, 271), (336, 357), (278, 7), (234, 346), (115, 883), (291, 700), (607, 591), (154, 57), (19, 12), (216, 706), (958, 31), (11, 8), (587, 204), (394, 38), (988, 548), (47, 110), (237, 994), (101, 984), (462, 438), (252, 628), (92, 118), (314, 948), (266, 154), (580, 201), (84, 263), (105, 57), (591, 588), (56, 15), (115, 101), (558, 33), (80, 143), (504, 965), (577, 949), (118, 255), (909, 376), (958, 152), (176, 382), (96, 273), (109, 292), (49, 12), (27, 402), (209, 150), (903, 710), (32, 337), (535, 171), (569, 47), (858, 150), (442, 617), (147, 583), (536, 773), (732, 419), (117, 152), (430, 234), (805, 31), (717, 147), (407, 250), (123, 491), (184, 358), (554, 943), (83, 46), (18, 145), (470, 949), (969, 404), (402, 27), (67, 43), (499, 454), (46, 20), (326, 154), (537, 746), (710, 903), (600, 277), (224, 106), (197, 152), (855, 238), (933, 566), (184, 564), (624, 899), (279, 78), (418, 651), (91, 256), (264, 327), (9, 74), (141, 522), (797, 827), (103, 1), (237, 984), (726, 129), (567, 630), (689, 327), (0, 928), (73, 503), (447, 830), (117, 21), (268, 333), (683, 432), (909, 595), (909, 366), (95, 756), (679, 398), (23, 93), (488, 867), (7, 414), (156, 128), (49, 2), (343, 220), (118, 739), (15, 9), (345, 638), (18, 14), (45, 117), (532, 235), (928, 55), (50, 906), (878, 463), (362, 318), (550, 289), (635, 742), (670, 434), (0, 2), (174, 267), (146, 56), (129, 790), (372, 368), (521, 82), (54, 467), (197, 21), (58, 766), (488, 579), (558, 0), (648, 531), (697, 573), (776, 488), (345, 530),(321, 322), (987, 900), (995, 904), (233, 209), (209, 755), (250, 378), (434, 199), (285, 893), (228, 359), (234, 290), (415, 365), (466, 676), (432, 683), (192, 293), (185, 168), (708, 209), (991, 152), (79, 7), (972, 813), (730, 871), (18, 665), (19, 630), (706, 285), (748, 102), (272, 667), (422, 346), (147, 141), (964, 400), (333, 268), (231, 549), (906, 50), (5, 57), (143, 436), (510, 495), (152, 750), (706, 141), (791, 328), (916, 588), (5, 322), (729, 353), (31, 231), (25, 8), (487, 182), (44, 21), (570, 854), (777, 21), (921, 294), (688, 92), (505, 236), (426, 846), (993, 319), (72, 497), (436, 136), (600, 653), (239, 345), (898, 167), (614, 179), (366, 77), (3, 928), (642, 735), (155, 159), (251, 621), (873, 784), (53, 111), (397, 675), (972, 152), (58, 226), (765, 576), (200, 804), (231, 117), (292, 658),(179, 223), (144, 494), (418, 883), (219, 408), (653, 600), (306, 147), (256, 555), (521, 975), (85, 444), (8, 81), (189, 910), (153, 170), (142, 835), (427, 293), (363, 803), (667, 162), (750, 834), (434, 863), (511, 143), (103, 89), (143, 125), (257, 147), (358, 50), (46, 229), (419, 325), (316, 727), (336, 556), (324, 173), (483, 346), (76, 745), (301, 46), (150, 551), (350, 576), (7, 502), (23, 855), (61, 64), (249, 35), (85, 421), (32, 415), (576, 250), (315, 883), (541, 292), (105, 256), (143, 511), (512, 265), (688, 82), (108, 261), (706, 216), (433, 466), (66, 35), (323, 743), (831, 921), (863, 199), (341, 877), (75, 120), (35, 47), (589, 341), (55, 928), (248, 11), (296, 762), (44, 132), (625, 672), (728, 419), (143, 403), (666, 444), (332, 10), (229, 34), (422, 349), (293, 427), (576, 407), (485, 634), (59, 117), (445, 561), (490, 712), (70, 126), (358, 184), (916, 591), (984, 237), (305, 294), (31, 54), (57, 192), (91, 105), (142, 416), (192, 8), (892, 728), (435, 403), (49, 862), (542, 386), (155, 126), (146, 157), (360, 229), (963, 150), (917, 3), (453, 951), (373, 842), (8, 192), (151, 729), (649, 368), (932, 311), (745, 76), (564, 904), (62, 657), (321, 14), (791, 946), (759, 505), (426, 970), (143, 7), (176, 270), (299, 749), (330, 99), (739, 118), (18, 321), (768, 819), (244, 175), (199, 927), (2, 4), (834, 126), (88, 193), (103, 56), (680, 971), (926, 209), (21, 777), (244, 440), (893, 706), (901, 301), (155, 368), (814, 4), (161, 262), (285, 706), (43, 535), (958, 197), (588, 335), (5, 14), (185, 210), (455, 71), (156, 183), (17, 928), (414, 564), (268, 244), (273, 588), (8, 25), (276, 105), (448, 211),(854, 570), (125, 52), (103, 442), (126, 834), (152, 972), (398, 210), (473, 878), (217, 809), (559, 838), (436, 93), (0, 57), (651, 18), (868, 919), (52, 67), (483, 290), (900, 987), (782, 586), (422, 51), (447, 224), (998, 247), (154, 874), (246, 54), (229, 410), (291, 205), (991, 845), (202, 47), (3, 741), (998, 512), (949, 470), (328, 946), (23, 161), (107, 798), (108, 385), (13, 791), (763, 874), (7, 73), (8, 38), (173, 105), (204, 587), (979, 992), (31, 21), (23, 17), (82, 103), (678, 506), (750, 382), (849, 882), (81, 107), (11, 308), (510, 815), (75, 329), (296, 297), (176, 152), (236, 17), (402, 49), (25, 99), (426, 263), (380, 67), (634, 966), (69, 25), (689, 264), (179, 13), (755, 209), (24, 139), (382, 750), (12, 659), (551, 150), (51, 879), (707, 52), (652, 202), (228, 283), (199, 485), (42, 538), (75, 77), (35, 4), (384, 158), (828, 543), (99, 25), (209, 800), (591, 865), (259, 163), (626, 594), (873, 551), (56, 63), (970, 367), (43, 93), (277, 31), (23, 789), (25, 341), (169, 89), (175, 20), (26, 40), (52, 178), (992, 13), (467, 277), (841, 109), (743, 706), (906, 504), (459, 947), (485, 856), (173, 324), (830, 365), (40, 734), (966, 634), (23, 7), (564, 511), (444, 329), (93, 480), (184, 864), (187, 115), (210, 507), (466, 433), (25, 53), (315, 938), (335, 916), (202, 652), (539, 274), (75, 319), (229, 377), (631, 915), (57, 5), (448, 793), (780, 629), (226, 866), (185, 599), (383, 26), (126, 104), (155, 842), (291, 437), (51, 110), (486, 267), (377, 360), (8, 5), (0, 1), (45, 152), (487, 613), (483, 234), (125, 526), (20, 244), (616, 498), (418, 928), (157, 478), (547, 255), (275, 470), (530, 202),(442, 89), (29, 594), (45, 44), (42, 384), (23, 105), (3, 276), (918, 957), (422, 790), (14, 321), (17, 67), (403, 511), (9, 63), (436, 50), (0, 14), (928, 741), (480, 93), (158, 42), (2, 203), (68, 377), (10, 27), (377, 229), (663, 443), (743, 323), (4, 249), (53, 25), (676, 153), (45, 21), (731, 843), (147, 706), (151, 2), (36, 201), (290, 346), (231, 31), (460, 794), (327, 264), (229, 861), (334, 160), (991, 393), (517, 919), (78, 54), (32, 990), (15, 263), (971, 680), (290, 202), (474, 548), (612, 927), (308, 107), (422, 129), (866, 312), (5, 69), (334, 16), (356, 821), (747, 563), (685, 359), (961, 114), (169, 177), (330, 131), (349, 144), (554, 284), (7, 789), (131, 330), (252, 211), (169, 442), (3, 1), (558, 928), (526, 716), (125, 143), (272, 162), (553, 324), (49, 4), (866, 226), (152, 654), (582, 467),(414, 511), (475, 341), (499, 698), (548, 474), (221, 116), (656, 273), (883, 315), (292, 405), (910, 189), (160, 594), (525, 198), (928, 57), (60, 18), (112, 294), (82, 531), (269, 537), (271, 467), (444, 767), (239, 923), (501, 255), (282, 476), (778, 563), (273, 656), (140, 392), (481, 47), (398, 507), (511, 564), (2, 49), (43, 50), (231, 21), (3, 917), (578, 65), (532, 623), (78, 273), (243, 111), (14, 288), (143, 173), (614, 24), (814, 49), (55, 60), (162, 272), (364, 895), (360, 516), (82, 688), (297, 762), (860, 839), (16, 334), (948, 314), (105, 3), (103, 222), (282, 453), (317, 182), (436, 511), (60, 260), (454, 416), (559, 847), (12, 220), (369, 866), (205, 206), (915, 631), (164, 88), (2, 26), (156, 84), (26, 383), (290, 313), (410, 229), (14, 0), (146, 156), (196, 422), (182, 487), (619, 259), (638, 129),(750, 270), (667, 272), (311, 228), (760, 91), (229, 46), (361, 494), (82, 521), (444, 528), (650, 633), (56, 648), (251, 744), (753, 954), (412, 661), (675, 397), (129, 638), (4, 49), (376, 366), (358, 52), (169, 265), (36, 1), (537, 54), (903, 669), (720, 813), (87, 83), (52, 125), (59, 21), (153, 702), (265, 89), (9, 20), (792, 429), (134, 280), (183, 56), (80, 43), (159, 373), (820, 756), (46, 87), (6, 14), (115, 446), (58, 61), (335, 827), (203, 150), (928, 60), (494, 213), (500, 522), (20, 34), (958, 991), (688, 84), (246, 871), (43, 17), (57, 855), (0, 321), (726, 196), (537, 31), (583, 147), (421, 85), (42, 174), (296, 90), (141, 216), (598, 46), (759, 0), (273, 335), (636, 158), (259, 208), (176, 439), (92, 705), (238, 5), (596, 467), (820, 95), (195, 43), (796, 412), (192, 154), (944, 921), (101, 115), (471, 63), (47, 144), (0, 69), (750, 152), (284, 731), (50, 564), (30, 320), (815, 510), (424, 625), (211, 252), (525, 299), (104, 126), (469, 547), (19, 576), (35, 26), (99, 456), (244, 20), (463, 473), (927, 199), (592, 883), (181, 229), (784, 150), (9, 648), (704, 41), (24, 282), (45, 76), (91, 192), (439, 152), (728, 892), (631, 322), (564, 906), (23, 173), (6, 907), (298, 112), (335, 588), (280, 738), (697, 532), (267, 390), (113, 103), (282, 24), (813, 972), (487, 164), (278, 548), (480, 125), (82, 344), (617, 688), (634, 857), (574, 955), (816, 897), (129, 196), (462, 485), (14, 883), (569, 202), (171, 458), (421, 75), (3, 236), (403, 435), (40, 383), (106, 557), (135, 126), (541, 405), (494, 144), (129, 726), (273, 96), (82, 465), (377, 562), (81, 11), (375, 229), (73, 7), (370, 788), (813, 720), (985, 9),(433, 170), (143, 480), (587, 228), (56, 183), (328, 791), (490, 295), (590, 382), (0, 288), (463, 198), (23, 42), (224, 32), (693, 102), (939, 572), (1, 23), (999, 28), (31, 805), (436, 445), (365, 830), (50, 675), (535, 195), (210, 398), (213, 144), (321, 6), (978, 90), (413, 89), (116, 211), (110, 51), (83, 34), (482, 597), (256, 105), (530, 345), (779, 146), (956, 862), (513, 292), (12, 10), (50, 302), (17, 125), (63, 92), (123, 106), (874, 154), (197, 958), (1, 0), (33, 69), (634, 438), (308, 8), (54, 537), (194, 660), (22, 59), (255, 118), (595, 366), (986, 108), (279, 246), (5, 6), (453, 282), (37, 75), (593, 442), (84, 156), (442, 618), (15, 56), (802, 552), (942, 675), (5, 91), (249, 488), (294, 639), (963, 734), (21, 72), (443, 210), (299, 574), (146, 103), (847, 559), (3, 432), (9, 363), (560, 386),(804, 72), (105, 71), (117, 45), (354, 775), (26, 186), (208, 163), (154, 192), (243, 529), (850, 75), (926, 708), (364, 181), (675, 43), (376, 421), (470, 577), (862, 49), (22, 72), (103, 146), (129, 284), (569, 290), (297, 771), (366, 376), (506, 350), (105, 192), (335, 797), (410, 562), (42, 23), (743, 479), (418, 14), (305, 482), (502, 7), (973, 761), (2, 215), (63, 82), (719, 350), (14, 418), (991, 958), (275, 230), (8, 115), (150, 873), (300, 403), (419, 732), (107, 8), (231, 681), (307, 33), (346, 290), (367, 84), (46, 901), (752, 569), (2, 71), (606, 186), (814, 215), (290, 129), (580, 722), (182, 941), (766, 58), (417, 844), (111, 243), (17, 236), (707, 417), (84, 146), (855, 23), (91, 5), (0, 3), (314, 13), (334, 28), (38, 115), (936, 170), (859, 487), (103, 15), (154, 326), (315, 14), (93, 50), (347, 232),(44, 45), (102, 544), (430, 346), (478, 157), (836, 768), (544, 102), (853, 183), (660, 808), (580, 699), (139, 282), (308, 11), (413, 442), (53, 953), (883, 62), (178, 130), (127, 344), (238, 855), (695, 685), (121, 41), (5, 238), (141, 19), (119, 983), (57, 105), (199, 863), (573, 924), (229, 68), (93, 436), (715, 599), (883, 592), (408, 219), (50, 511), (232, 222), (420, 193), (186, 26), (914, 436), (991, 45), (911, 547), (275, 449), (467, 799), (284, 943), (87, 20), (110, 790), (127, 56), (423, 872), (492, 563), (49, 402), (203, 460), (105, 977), (350, 250), (142, 221), (103, 113), (831, 294), (14, 938), (322, 8), (206, 205), (271, 600), (118, 92), (993, 850), (759, 683), (143, 414), (234, 569), (250, 19), (88, 106), (19, 235), (786, 407), (963, 40), (991, 22), (157, 205), (127, 442), (181, 562), (359, 685), (355, 306),(230, 949), (209, 926), (192, 428), (808, 660), (355, 980), (587, 283), (586, 467), (970, 84), (216, 147), (211, 935), (999, 227), (808, 696), (215, 2), (39, 334), (5, 192), (17, 432), (740, 561), (559, 486), (23, 97), (799, 467), (518, 76), (431, 974), (30, 630), (13, 992), (122, 633), (125, 1), (283, 587), (519, 269), (670, 438), (856, 485), (972, 251), (346, 234), (431, 192), (323, 479), (541, 967), (434, 612), (263, 56), (242, 33), (288, 0), (975, 521), (593, 605), (883, 29), (947, 459), (97, 23), (393, 22), (400, 964), (248, 192), (105, 558), (798, 107), (495, 298), (503, 73), (158, 384), (154, 5), (167, 124), (421, 120), (783, 881), (861, 46), (297, 90), (100, 70), (219, 399), (224, 365), (132, 102), (365, 224), (581, 114), (28, 310), (130, 178), (410, 375), (640, 837), (339, 580), (908, 737), (20, 46), (940, 806),(885, 870), (307, 484), (447, 415), (261, 108), (593, 618), (240, 85), (919, 868), (899, 624), (406, 117), (84, 103), (224, 751), (47, 35), (322, 11), (74, 812), (319, 85), (869, 0), (912, 599), (370, 316), (647, 36), (924, 573), (199, 434), (508, 515), (210, 443), (201, 889), (397, 535), (71, 105), (258, 111), (534, 15), (734, 40), (388, 306), (93, 43), (292, 109), (89, 9), (443, 507), (432, 3), (572, 163), (75, 376), (45, 991), (708, 926), (994, 237), (381, 531), (442, 169), (507, 527), (583, 257), (150, 784), (955, 574), (6, 16), (166, 5), (179, 24), (152, 70), (70, 117), (696, 808), (654, 991), (7, 97), (47, 133), (422, 196), (519, 537), (842, 373), (82, 127), (761, 973), (321, 558), (21, 117), (150, 2), (669, 710), (750, 406), (183, 853), (41, 769), (983, 119), (415, 830), (558, 321), (175, 440), (17, 3), (35, 51), (928, 3), (474, 736), (515, 508), (438, 670), (319, 75), (321, 5), (713, 380), (184, 116), (22, 117), (516, 360), (561, 740), (101, 81), (293, 431), (444, 75), (427, 431), (668, 494), (886, 42), (179, 37), (755, 233), (165, 102), (371, 207), (183, 156), (162, 133), (316, 191), (28, 807), (547, 469), (374, 132), (247, 177), (350, 678), (152, 168), (892, 732), (63, 127), (46, 861), (235, 611), (531, 381), (274, 539), (943, 554), (945, 69), (48, 641), (75, 366), (564, 414), (202, 290), (337, 106), (588, 591), (458, 890), (18, 60), (133, 47), (321, 18), (753, 429), (790, 51), (651, 418), (61, 58), (461, 257), (849, 631), (389, 9), (171, 195), (141, 810), (295, 490), (11, 322), (34, 46), (287, 226), (621, 251), (642, 45), (204, 228), (16, 28), (924, 697), (201, 339), (136, 93), (497, 72), (120, 85), (39, 160), (440, 175), (320, 30), (584, 485), (958, 21), (654, 958), (824, 466), (176, 251), (694, 356), (839, 860), (39, 16), (398, 443), (712, 490), (74, 648), (131, 99), (216, 323), (123, 95), (392, 140), (67, 380), (183, 146), (437, 291), (768, 836), (838, 486), (816, 467), (31, 277), (147, 717), (279, 644), (350, 30), (91, 822), (736, 474), (552, 802), (377, 770), (823, 219), (169, 512), (682, 768), (257, 216), (341, 475), (512, 177), (175, 34), (29, 883), (75, 850), (8, 6), (69, 690), (13, 121), (656, 78), (115, 248), (90, 978), (1, 146), (645, 68), (45, 189), (385, 108), (63, 94), (117, 70), (530, 239), (149, 102), (495, 510), (383, 40), (665, 18), (120, 75), (349, 47), (404, 737), (171, 535), (345, 422), (529, 243), (623, 924), (855, 264), (105, 855), (146, 478), (269, 54), (450, 215), (758, 102), (13, 134), (265, 169), (112, 76), (485, 438), (7, 548), (445, 136), (82, 84), (130, 884), (84, 688), (473, 463), (12, 254), (106, 32), (214, 123), (45, 22), (82, 169), (564, 358), (2, 963), (288, 274), (442, 103), (768, 682), (953, 53), (543, 155), (682, 313), (32, 88), (310, 441), (464, 536), (330, 456), (196, 47), (96, 109), (269, 31), (409, 191), (340, 320), (743, 216), (37, 319), (81, 883), (125, 23), (235, 532), (852, 388), (24, 614), (486, 559), (535, 43), (648, 63), (440, 34), (616, 754), (478, 146), (566, 933), (434, 634), (81, 101), (353, 151), (114, 772), (270, 382), (715, 912), (184, 50), (436, 414), (561, 445), (562, 410), (144, 422)]