t=43.82

edge
b 30: 213
b 50: 273
b 70: None
edge= [0.         0.00072017 0.00223015 0.0019801  0.00258043 0.00384483
 0.00559674 0.00633536 0.00572078 0.00640284 0.00865241 0.00682253
 0.00809163 0.01299381 0.00924647 0.0133149  0.01197946 0.0164308
 0.01561805 0.01595155 0.01577949 0.01774207 0.01849445 0.0214526
 0.01878277 0.01864236 0.02214722 0.0249723  0.02317979 0.0237475
 0.02372218 0.02511007 0.02322632 0.0269374  0.02830973 0.02777664
 0.03207803 0.03115591 0.03047612 0.03641676 0.0320407  0.03585804
 0.03186493 0.03477387 0.03880543 0.03585076 0.04040744 0.03989437
 0.04083167 0.04235391 0.04157955 0.04516189 0.04771246 0.04639322
 0.046435   0.04948999 0.04916684 0.04731334 0.04943719 0.05251192
 0.0550395  0.0525671  0.05620341 0.05785755 0.05254454 0.05882777
 0.05951042 0.0634995  0.0618325  0.0652261  0.06286248 0.06579217
 0.0632853  0.06266014 0.06975349 0.06764136 0.069311   0.07009113
 0.07169797 0.0713851  0.07084804 0.07283855 0.0730794  0.07449764
 0.08099286 0.07771695 0.07463847 0.07786441 0.08293728 0.08313787
 0.08705037 0.08727313 0.08957796 0.08931952 0.08990252 0.09073843
 0.09273833 0.0955162  0.09506174 0.09448016 0.09879536 0.09419509
 0.09809614 0.10157707 0.1037191  0.10167974 0.10076673 0.10123398
 0.10828673 0.10538247 0.10512199 0.11221417 0.11068843 0.11700545
 0.11416419 0.11733104 0.11505962 0.1142571  0.12010683 0.11875244
 0.11905355 0.12601588 0.12019424 0.12433184 0.12581745 0.12647516
 0.1252084  0.12633047 0.12597014 0.12724336 0.13404213 0.14098305
 0.13903478 0.13886705 0.14002519 0.14835671 0.14316199 0.1376136
 0.14656117 0.14835114 0.14933453 0.14725853 0.14998615 0.1562179
 0.15805787 0.16648407 0.15818232 0.16450185 0.16163938 0.15648092
 0.15720741 0.17399927 0.16827289 0.16704967 0.16703922 0.16849927
 0.17653813 0.17563746 0.17859862 0.18014727 0.18018827 0.17953895
 0.17817973 0.18721966 0.18828654 0.19713724 0.19321694 0.1943711
 0.19068597 0.19466341 0.19956714 0.19738699 0.20540914 0.20472605
 0.20482    0.20423833 0.20901593 0.21436385 0.21676115 0.21928941
 0.22376765 0.22414337 0.23474553 0.22320082 0.22628786 0.22621513
 0.24136697 0.23468602 0.23432034 0.23870665 0.23740826 0.24965781
 0.25115179 0.24973786 0.25427713 0.25353107 0.25119616 0.26171397
 0.25774721 0.25580485 0.26362371 0.26827175 0.27279023 0.27762128
 0.28061237 0.2731052  0.28701486 0.28573008 0.29408166 0.28840456
 0.27925717 0.29528574 0.2979906  0.30458509 0.31152689 0.306612
 0.31860959 0.3156814  0.31601426 0.31811601 0.32181162 0.32157111
 0.32051201 0.32924197 0.33900521 0.34401384 0.3472956  0.34327479
 0.34709919 0.35257042 0.35436176 0.3532365  0.36142798 0.36380718
 0.36364579 0.37693595 0.37410287 0.37887499 0.37673122 0.38592017
 0.37952418 0.3912113  0.395785   0.4011406  0.39117106 0.40979036
 0.4004888  0.40031192 0.416283   0.41507246 0.41875483 0.41131192
 0.420819   0.43631853 0.43629758 0.43428068 0.44369356 0.43938989
 0.44186763 0.45782078 0.44999796 0.45497072 0.46033135 0.45887469
 0.46385628 0.47001077 0.47760876 0.47954625 0.48975865 0.48196862
 0.49567577 0.49375207 0.49727173 0.50122265 0.50072976 0.50291344
 0.50912042 0.51034843 0.51102226 0.51763046 0.52514577 0.52271688
 0.5285928  0.52821876 0.53444542 0.53644519 0.53543364 0.54223731
 0.54298231 0.54512801 0.54353101 0.55242471 0.54801603 0.55439983
 0.5532886  0.54839316 0.55426562 0.55723095 0.55916998 0.56356695
 0.56398579 0.56546551 0.56559895 0.56926432 0.57101377 0.57318913
 0.57157121 0.57235648 0.57703098 0.57434277 0.57915537 0.57901014
 0.58415449 0.58481147 0.58404448 0.58804726 0.58282568 0.58913057
 0.58818165 0.58920558 0.59066687 0.59244953 0.58950591 0.59500988
 0.59432241 0.59368739 0.59646389 0.59715707 0.59635574 0.60154969
 0.59852521 0.59728639 0.60428585 0.60281315 0.60312674 0.60335342
 0.60283237 0.60362669 0.60633286 0.60600948 0.60447158 0.60660849
 0.60779045 0.60764734 0.61024238 0.61066446 0.61055509 0.61004211
 0.61028137 0.61072951 0.61270127 0.61160783 0.6117111  0.61116975
 0.61209546 0.6126732  0.61336186 0.61266471 0.61395364 0.61245783
 0.61257814 0.61416255 0.61424027 0.61425998]

semi edge
b 30: 152
b 50: 201
b 70: None
semi edge= [0.00000000e+00 5.17277759e-04 1.20037647e-03 1.99475464e-03
 2.90339214e-03 4.01838950e-03 4.44894888e-03 5.42317882e-03
 6.18157634e-03 6.80481976e-03 7.32405097e-03 8.42868650e-03
 9.54648849e-03 1.05211575e-02 1.12969032e-02 1.22551995e-02
 1.31672858e-02 1.43452817e-02 1.56232270e-02 1.66406468e-02
 1.76548949e-02 1.86663970e-02 1.95994554e-02 2.08783114e-02
 2.22919005e-02 2.33196958e-02 2.46337364e-02 2.57896553e-02
 2.70079128e-02 2.84823614e-02 2.99353296e-02 3.10934518e-02
 3.27202790e-02 3.36989619e-02 3.48193938e-02 3.64814027e-02
 3.80720657e-02 3.88308652e-02 4.03655162e-02 4.16736952e-02
 4.33587568e-02 4.41232317e-02 4.55483945e-02 4.70013518e-02
 4.77789140e-02 4.94030451e-02 5.10881621e-02 5.21784720e-02
 5.31574842e-02 5.47708240e-02 5.63825923e-02 5.72247281e-02
 5.86227534e-02 6.01152017e-02 6.15817031e-02 6.25864457e-02
 6.37974765e-02 6.51947618e-02 6.65979374e-02 6.74851225e-02
 6.87338539e-02 6.94716013e-02 7.07748281e-02 7.18153868e-02
 7.28077012e-02 7.40012467e-02 7.54244908e-02 7.65918123e-02
 7.83439355e-02 7.95904124e-02 8.12708796e-02 8.31886425e-02
 8.47311499e-02 8.59266081e-02 8.70759501e-02 8.87904949e-02
 9.05591001e-02 9.25294371e-02 9.36776602e-02 9.55595402e-02
 9.74566072e-02 9.92508092e-02 1.00742650e-01 1.02308392e-01
 1.04438887e-01 1.06567279e-01 1.07965425e-01 1.10009412e-01
 1.12330409e-01 1.14028668e-01 1.15955285e-01 1.17721810e-01
 1.19638780e-01 1.21272479e-01 1.23811602e-01 1.25529111e-01
 1.27214282e-01 1.29366147e-01 1.31111056e-01 1.32530013e-01
 1.34897983e-01 1.36922655e-01 1.38971442e-01 1.41171646e-01
 1.43749005e-01 1.45458770e-01 1.47361826e-01 1.49417089e-01
 1.51340222e-01 1.55379095e-01 1.57301967e-01 1.59689697e-01
 1.62265043e-01 1.65724774e-01 1.69028082e-01 1.71173405e-01
 1.74129690e-01 1.76431462e-01 1.77413164e-01 1.80793979e-01
 1.83186145e-01 1.85760297e-01 1.88254887e-01 1.90826920e-01
 1.92564641e-01 1.95620121e-01 1.97716426e-01 2.00626733e-01
 2.02939643e-01 2.05574734e-01 2.09757398e-01 2.12399703e-01
 2.16463112e-01 2.18125282e-01 2.20896631e-01 2.25800152e-01
 2.30857611e-01 2.34245016e-01 2.38771212e-01 2.41712505e-01
 2.44707184e-01 2.50258526e-01 2.53358544e-01 2.58890075e-01
 2.62156764e-01 2.64172998e-01 2.68410751e-01 2.75358338e-01
 2.79915620e-01 2.84640860e-01 2.91157156e-01 2.94575031e-01
 3.01226756e-01 3.04762122e-01 3.06837843e-01 3.12419494e-01
 3.16219185e-01 3.22361114e-01 3.29042968e-01 3.34821762e-01
 3.37580662e-01 3.42634007e-01 3.45662847e-01 3.50698563e-01
 3.53698757e-01 3.61071921e-01 3.67422831e-01 3.74081738e-01
 3.78027915e-01 3.81185629e-01 3.85236449e-01 3.91407012e-01
 3.96680653e-01 4.00008743e-01 4.03985157e-01 4.07076558e-01
 4.11506737e-01 4.15268472e-01 4.19230261e-01 4.21493661e-01
 4.26728643e-01 4.30947333e-01 4.34061512e-01 4.36245787e-01
 4.38345659e-01 4.40937208e-01 4.44574398e-01 4.48264554e-01
 4.52666973e-01 4.57795030e-01 4.61243448e-01 4.64932124e-01
 4.68607523e-01 4.71445785e-01 4.75315870e-01 4.79182760e-01
 4.82057101e-01 4.87408348e-01 4.90292853e-01 4.94192458e-01
 4.99591318e-01 5.02199290e-01 5.05420367e-01 5.06967782e-01
 5.11403343e-01 5.12554088e-01 5.14323672e-01 5.16136730e-01
 5.18226766e-01 5.20645993e-01 5.22613040e-01 5.25542467e-01
 5.27927315e-01 5.30406584e-01 5.32983858e-01 5.33930979e-01
 5.35154790e-01 5.36576882e-01 5.38322586e-01 5.39296232e-01
 5.40116895e-01 5.41598025e-01 5.42949635e-01 5.44406148e-01
 5.45843461e-01 5.48292653e-01 5.49612044e-01 5.51698176e-01
 5.52228280e-01 5.52988434e-01 5.53745931e-01 5.54654573e-01
 5.55826475e-01 5.56516978e-01 5.57718492e-01 5.58621947e-01
 5.59676691e-01 5.60596186e-01 5.61451925e-01 5.62646639e-01
 5.64810927e-01 5.65919859e-01 5.66827582e-01 5.67534453e-01
 5.69593755e-01 5.70393658e-01 5.71271227e-01 5.73036971e-01
 5.73879914e-01 5.74633969e-01 5.75811611e-01 5.76926388e-01
 5.78658670e-01 5.79745225e-01 5.80579787e-01 5.81832930e-01
 5.82540178e-01 5.83200803e-01 5.83863624e-01 5.84631350e-01
 5.85358889e-01 5.85984009e-01 5.86663054e-01 5.87403313e-01
 5.88196828e-01 5.88926680e-01 5.89644847e-01 5.90394922e-01
 5.91142759e-01 5.91877894e-01 5.92507620e-01 5.93089415e-01
 5.93758418e-01 5.94303678e-01 5.94904882e-01 5.95477497e-01
 5.96054594e-01 5.96678879e-01 5.97243723e-01 5.97707715e-01
 5.98165147e-01 5.98663814e-01 5.99167278e-01 5.99627619e-01
 6.00109734e-01 6.00539018e-01 6.01025480e-01 6.01500821e-01
 6.01876625e-01 6.02258935e-01 6.02664708e-01 6.03035738e-01
 6.03384403e-01 6.03687167e-01 6.04026254e-01 6.04379664e-01
 6.04697370e-01 6.05049409e-01 6.05325198e-01 6.05619617e-01
 6.05887040e-01 6.06170420e-01 6.06478233e-01 6.06695738e-01
 6.07008609e-01 6.07283909e-01 6.07567414e-01 6.07825266e-01
 6.08079255e-01 6.08351051e-01 6.08625260e-01 6.08826011e-01
 6.09068308e-01 6.09294578e-01 6.09475383e-01 6.09651312e-01
 6.09865221e-01 6.10065002e-01 6.10253263e-01 6.10422720e-01
 6.10617938e-01 6.10793170e-01 6.10937115e-01 6.11115107e-01
 6.11281966e-01 6.11437442e-01 6.11583282e-01 6.11715498e-01
 6.11852419e-01 6.11951414e-01 6.12100481e-01 6.12213884e-01
 6.12354353e-01 6.12490445e-01 6.12611805e-01 6.12728228e-01
 6.12844494e-01 6.12944495e-01 6.13042523e-01 6.13120179e-01
 6.13217949e-01 6.13317745e-01 6.13419883e-01 6.13521083e-01
 6.13596671e-01 6.13676893e-01 6.13736127e-01 6.13781104e-01
 6.13840561e-01 6.13900646e-01 6.13958826e-01 6.14017851e-01
 6.14039199e-01 6.14059966e-01 6.14078577e-01 6.14098547e-01
 6.14119580e-01 6.14140418e-01 6.14158488e-01 6.14178733e-01
 6.14197590e-01 6.14218081e-01 6.14240267e-01 6.14259982e-01]

edge simple
b 30: 56
b 50: 165
b 70: None
edge simple= [0.         0.00400277 0.00615489 0.01073015 0.01488331 0.01744948
 0.02495598 0.02723013 0.03122952 0.03429262 0.04067079 0.04527757
 0.0488439  0.05179844 0.05542684 0.06620262 0.06977279 0.0803951
 0.08573111 0.0941145  0.09624367 0.10623641 0.10992163 0.11694285
 0.12571474 0.13113537 0.13596553 0.1396253  0.15427371 0.16117667
 0.1672217  0.17816154 0.18032797 0.18722123 0.19072437 0.19993833
 0.20822169 0.21780342 0.22085367 0.22440823 0.23150057 0.23623707
 0.24263889 0.25061174 0.25797818 0.25838065 0.26084004 0.2647331
 0.26536082 0.27155305 0.27990067 0.28118063 0.28783931 0.29563711
 0.29862211 0.29732185 0.30360159 0.30523635 0.30919909 0.31033351
 0.31306824 0.31603311 0.31819749 0.31881602 0.32511524 0.32498011
 0.32898171 0.32768969 0.33167055 0.33437539 0.33616027 0.33800458
 0.3423778  0.34466072 0.34425285 0.35063911 0.35203403 0.35268566
 0.35546252 0.35803182 0.36118767 0.36282555 0.36446824 0.36758178
 0.37231039 0.37347635 0.37725758 0.38145441 0.38080663 0.38344866
 0.3862633  0.38686683 0.3899255  0.38926297 0.39435992 0.39509107
 0.39529752 0.39584251 0.39908869 0.39902706 0.40167755 0.40487137
 0.40800153 0.40853168 0.41226963 0.41377294 0.41592377 0.41544419
 0.41794112 0.42010964 0.42049609 0.42169515 0.42333217 0.42686312
 0.42867647 0.4300008  0.43232503 0.43231247 0.43584238 0.4381881
 0.43774055 0.43950293 0.44141236 0.44274849 0.44561753 0.44522461
 0.44650156 0.44710446 0.45007958 0.45101572 0.45347456 0.45521836
 0.45448115 0.45848283 0.45966937 0.46070688 0.46200345 0.46266156
 0.46573319 0.46784395 0.47023942 0.4699951  0.47353449 0.47420965
 0.47381879 0.47558813 0.47747271 0.47750954 0.4792459  0.48411103
 0.48535705 0.4835869  0.48422951 0.48875583 0.48930841 0.48730731
 0.4890662  0.493493   0.49395058 0.49405491 0.49572247 0.49826359
 0.49878146 0.49683503 0.49896351 0.50126776 0.5018472  0.5019714
 0.50432308 0.50702093 0.50813634 0.50966665 0.50848358 0.51172228
 0.51246188 0.51275125 0.51443162 0.51576197 0.51690947 0.5172079
 0.51846555 0.51911252 0.51912208 0.5216781  0.52227671 0.52271547
 0.52387687 0.52332686 0.52597594 0.52712375 0.52754933 0.52886122
 0.52781195 0.53045181 0.53103706 0.53212263 0.53271363 0.5323094
 0.53416011 0.53554137 0.53659482 0.53756293 0.53800341 0.53933083
 0.54038866 0.5412278  0.54188812 0.54223505 0.54344288 0.54426005
 0.54522343 0.5463165  0.54725736 0.54805579 0.54916842 0.54996861
 0.55086249 0.55165028 0.55252941 0.55334114 0.55421665 0.55499042
 0.55572729 0.5565507  0.55738841 0.55887513 0.55963849 0.5604467
 0.56124995 0.56199797 0.56292859 0.56384105 0.56460368 0.56541272
 0.5662255  0.56704288 0.56778878 0.56859769 0.56937634 0.5701051
 0.57124912 0.5719271  0.57273703 0.57351084 0.57436059 0.57513039
 0.57586739 0.57676281 0.5775715  0.57830675 0.57909189 0.57988829
 0.58086668 0.58155914 0.5822807  0.58316192 0.58384545 0.58447765
 0.58518778 0.58591973 0.58658152 0.58728371 0.58803819 0.5887513
 0.58945314 0.59017149 0.59093147 0.59163423 0.59239709 0.59309572
 0.59379046 0.59446066 0.59506076 0.59567757 0.5963007  0.59688516
 0.59743425 0.59799086 0.59854434 0.59898827 0.59956773 0.60008752
 0.6005746  0.60099788 0.60145646 0.6018846  0.60233751 0.60277809
 0.60320649 0.60356128 0.60392577 0.60423787 0.60459833 0.60489109
 0.60519311 0.60551515 0.6057757  0.60606805 0.60630817 0.60658494
 0.60685125 0.60711373 0.6074001  0.60765707 0.60792667 0.60820347
 0.60846505 0.60874012 0.60904472 0.60931385 0.60954573 0.60976817
 0.60998606 0.61019157 0.61037377 0.61057188 0.61076703 0.6109129
 0.61109734 0.6112893  0.6114476  0.61152678 0.61165416 0.61179075
 0.61189822 0.61204037 0.61216331 0.61222209 0.61228881 0.61238649
 0.61245448 0.61253517 0.61263657 0.61271624 0.61279805 0.6128817
 0.61298023 0.61304422 0.61310538 0.61316396 0.61326099 0.61334069
 0.61340532 0.61350392 0.61356118 0.61364392 0.61372287 0.61378416
 0.61384392 0.61390299 0.61396074 0.61401989 0.61404152 0.61406176
 0.61408043 0.61409978 0.61412171 0.61414206 0.61416057 0.61418105
 0.61420001 0.61422012 0.61424027 0.61425998]

edge mzn
b 30: 83
b 50: 172
b 70: None
edge mzn= [0.         0.00181855 0.00404336 0.00680583 0.00800267 0.00904594
 0.01192454 0.01555316 0.01446346 0.01936484 0.01902146 0.02385626
 0.02647057 0.0292581  0.03098873 0.03444277 0.03861351 0.03775366
 0.04070291 0.04948268 0.04631862 0.04816243 0.05218807 0.05622963
 0.05395607 0.05939708 0.06199179 0.0706346  0.06850318 0.07147633
 0.07599366 0.07949743 0.07954232 0.08679198 0.08697458 0.09012719
 0.0933267  0.09394019 0.09539676 0.09878504 0.10646937 0.1094234
 0.11097286 0.11437432 0.1236857  0.12531087 0.13099321 0.12902232
 0.14065665 0.14227337 0.15183105 0.15041813 0.15630374 0.15828878
 0.16937033 0.1666845  0.17322407 0.17485274 0.18757197 0.1852571
 0.18951704 0.19785237 0.20281903 0.21013243 0.20971623 0.21649896
 0.21885879 0.22248691 0.23244182 0.2369932  0.24099383 0.24322115
 0.25019429 0.25387912 0.25993705 0.26260535 0.2667014  0.27722007
 0.28036953 0.28074359 0.28179369 0.28660451 0.29909815 0.30379295
 0.3050795  0.3078195  0.3132244  0.31547288 0.31984856 0.3239849
 0.32557836 0.3279991  0.33282943 0.33611877 0.33887052 0.34624953
 0.34993617 0.35327908 0.35458588 0.36088999 0.35748779 0.36287322
 0.36680022 0.36789212 0.3721265  0.36983734 0.37410897 0.37705939
 0.38002083 0.38062545 0.38217602 0.38886083 0.38505557 0.39032838
 0.38974249 0.39554426 0.39422559 0.39895947 0.39957148 0.4049166
 0.40268421 0.40804823 0.40867807 0.41276442 0.41219742 0.41527363
 0.41624518 0.41989874 0.42027471 0.4232182  0.42745748 0.4273973
 0.43190994 0.43148373 0.43473676 0.43389749 0.44027802 0.44125795
 0.44287496 0.4427299  0.44774248 0.44919068 0.45065796 0.45218132
 0.45526975 0.45782844 0.45874052 0.46091568 0.46347505 0.46447373
 0.46414125 0.46958544 0.46858298 0.47130059 0.47147725 0.47490108
 0.47523404 0.47952161 0.47941589 0.48179126 0.4833635  0.48731804
 0.48652102 0.48735442 0.48991919 0.49076686 0.49180103 0.49485262
 0.49674031 0.49682387 0.49920744 0.49849113 0.50257157 0.50493761
 0.5053407  0.5070127  0.50791045 0.50901448 0.51202809 0.51120316
 0.51351593 0.51358174 0.51502447 0.51671613 0.51778385 0.51865383
 0.52055815 0.52089392 0.52202565 0.52189288 0.52542684 0.52480672
 0.52598979 0.5274502  0.52838605 0.53006669 0.53020116 0.53162683
 0.53228281 0.5335229  0.53402728 0.53542415 0.53608648 0.53763177
 0.53821563 0.53915657 0.53977079 0.5414947  0.54244875 0.54299596
 0.54363714 0.54563386 0.54602497 0.54666716 0.5472188  0.54843791
 0.54895113 0.5501542  0.5509984  0.55218687 0.55283668 0.55366188
 0.55464556 0.55514624 0.55638849 0.55724594 0.55805155 0.55853998
 0.5595977  0.56051919 0.56165367 0.56259995 0.5633841  0.56425342
 0.56499241 0.56599569 0.566858   0.56798198 0.56867031 0.56954349
 0.57019731 0.57138615 0.57210397 0.57287126 0.57336112 0.5744092
 0.57510612 0.57583135 0.57669843 0.57743764 0.57826136 0.57913966
 0.57989812 0.58063713 0.58138526 0.58206858 0.58294125 0.58360836
 0.58429766 0.58531836 0.58605972 0.58672875 0.58740835 0.58812792
 0.58874928 0.58941554 0.59000427 0.59090045 0.59163566 0.59229211
 0.59294747 0.59345463 0.59406128 0.59464181 0.59515902 0.59567837
 0.59627468 0.59683738 0.59744449 0.59790833 0.59843707 0.59899797
 0.59946227 0.59995848 0.6004586  0.60091514 0.60141533 0.60185793
 0.60234527 0.60277879 0.60318121 0.60351619 0.60390219 0.60421914
 0.60450086 0.60479221 0.60505511 0.60534296 0.60563625 0.60589599
 0.60618105 0.60646318 0.60669111 0.60694871 0.60723485 0.60749655
 0.60775423 0.60807172 0.60833262 0.6086023  0.60886604 0.60913373
 0.60935565 0.60957653 0.60977621 0.60997751 0.6101694  0.61036961
 0.61057364 0.61076549 0.61094369 0.61110002 0.61126206 0.61142053
 0.61158464 0.61176041 0.61192202 0.61203465 0.61213822 0.61223854
 0.61236721 0.61248054 0.61260147 0.6127381  0.61282552 0.61293801
 0.6130175  0.61312017 0.61321981 0.61327782 0.613377   0.61345654
 0.61353546 0.61363666 0.61371451 0.61379366 0.61385119 0.61389452
 0.61395333 0.61399539 0.61403435 0.61409341 0.61409613 0.6140971
 0.61409802 0.6141173  0.61413816 0.61416056 0.6141791  0.61419979
 0.61421866 0.61422012 0.61424027 0.61425998]
