t=43.48

edge
b 30: 168
b 50: 203
b 70: 223
edge= [0.00000000e+00 5.53387284e-04 1.56118800e-03 1.36951530e-03
 2.74755371e-03 3.21981400e-03 5.05330026e-03 5.07858768e-03
 7.45503708e-03 1.54034542e-02 1.22726141e-02 1.98404522e-02
 1.79119117e-02 2.19368888e-02 1.61875393e-02 1.64486093e-02
 1.67528432e-02 1.16241334e-02 2.45133675e-02 1.82803350e-02
 2.66248850e-02 1.89803249e-02 2.64548997e-02 2.37406755e-02
 2.58670992e-02 2.07668213e-02 3.97403076e-02 3.11736728e-02
 2.90322136e-02 4.73231203e-02 3.32580860e-02 2.94162647e-02
 3.81884695e-02 4.66465473e-02 3.90117823e-02 3.37979824e-02
 3.09032942e-02 3.94547539e-02 5.40228548e-02 4.65054029e-02
 4.45276673e-02 4.87858822e-02 5.41546372e-02 4.67762440e-02
 5.18428245e-02 5.47171840e-02 4.95685841e-02 5.58143908e-02
 6.41723024e-02 6.17630354e-02 7.19223336e-02 6.33118209e-02
 7.40078602e-02 6.77681621e-02 5.14572965e-02 6.57721275e-02
 7.63219697e-02 8.06548790e-02 6.41299401e-02 6.51978382e-02
 7.56326630e-02 8.96156672e-02 6.83279330e-02 8.20185177e-02
 7.66092859e-02 8.37720146e-02 7.44980304e-02 7.99207432e-02
 8.24884724e-02 8.81411274e-02 9.17231302e-02 9.54904815e-02
 8.63727424e-02 9.08981456e-02 1.02596624e-01 1.04529837e-01
 8.65517050e-02 1.04329625e-01 1.03449535e-01 1.01971775e-01
 8.72811305e-02 8.96447643e-02 1.16376342e-01 1.10039397e-01
 8.96690702e-02 1.10877440e-01 1.07452057e-01 1.13991224e-01
 1.17057859e-01 1.10040919e-01 1.12125512e-01 1.21530434e-01
 1.27797808e-01 1.23413462e-01 1.28374315e-01 1.07954633e-01
 1.26210092e-01 1.27156075e-01 1.26777062e-01 1.32247672e-01
 1.25016640e-01 1.41594853e-01 1.31592443e-01 1.32966444e-01
 1.34556291e-01 1.39855649e-01 1.32802741e-01 1.45977534e-01
 1.42443343e-01 1.49045656e-01 1.46386778e-01 1.47589087e-01
 1.44403316e-01 1.70033638e-01 1.50946033e-01 1.49961586e-01
 1.51308307e-01 1.60092504e-01 1.62005381e-01 1.60706826e-01
 1.63025460e-01 1.85971611e-01 1.66422954e-01 1.79218180e-01
 1.69645654e-01 1.78965349e-01 1.89593224e-01 1.81802373e-01
 1.78303968e-01 2.04154436e-01 1.74794579e-01 1.87603329e-01
 2.05337150e-01 2.00637389e-01 1.94273478e-01 1.93421418e-01
 1.90976133e-01 2.02511010e-01 2.08463775e-01 2.07939851e-01
 1.92249810e-01 2.08585800e-01 2.10602284e-01 2.19608858e-01
 2.28779190e-01 2.49355355e-01 2.36741724e-01 2.25852400e-01
 2.39233605e-01 2.38105188e-01 2.19868422e-01 2.44885922e-01
 2.39085465e-01 2.47360497e-01 2.49183820e-01 2.60347497e-01
 2.74819613e-01 2.70910938e-01 2.74949442e-01 2.77693712e-01
 2.70686546e-01 2.71953950e-01 2.94494770e-01 2.90131799e-01
 2.78912227e-01 2.83254143e-01 2.97981548e-01 2.90205899e-01
 3.16661175e-01 3.19684612e-01 3.18917408e-01 3.18143729e-01
 3.21566696e-01 3.24099211e-01 3.26996484e-01 3.34954124e-01
 3.06963731e-01 3.30747931e-01 3.37663418e-01 3.65401434e-01
 3.56490822e-01 3.72126471e-01 3.46555863e-01 3.73863124e-01
 3.50538731e-01 3.71400852e-01 3.90608020e-01 3.77854949e-01
 3.85467476e-01 4.07300233e-01 3.87405330e-01 4.26959012e-01
 4.30977889e-01 4.09143391e-01 4.40900596e-01 4.55739057e-01
 4.59773042e-01 4.70352013e-01 4.50283616e-01 4.69703038e-01
 4.93021753e-01 4.86117726e-01 4.89617059e-01 5.24793698e-01
 5.15242879e-01 5.23367392e-01 5.32009758e-01 5.48029559e-01
 5.67873270e-01 5.62553851e-01 5.58698860e-01 5.77650537e-01
 5.93684260e-01 6.03464817e-01 6.13174897e-01 6.10110831e-01
 6.27191977e-01 6.41345764e-01 6.59263259e-01 6.72436779e-01
 6.56203989e-01 6.81502622e-01 6.91045138e-01 7.06712922e-01
 7.05103206e-01 7.11036624e-01 7.32710887e-01 7.40564338e-01
 7.42859704e-01 7.44880962e-01 7.53640335e-01 7.51870882e-01
 7.65497714e-01 7.60586109e-01 7.75106785e-01 7.82401869e-01
 7.77278020e-01 7.82850025e-01 7.98692208e-01 7.94192288e-01
 8.00885610e-01 7.96550618e-01 8.04067357e-01 8.14935330e-01
 8.08779307e-01 8.12505817e-01 8.11582654e-01 8.16331395e-01
 8.13204252e-01 8.22410765e-01 8.19111561e-01 8.22781307e-01
 8.25220173e-01 8.29498003e-01 8.24426245e-01 8.34609699e-01
 8.35043657e-01 8.37135555e-01 8.26640656e-01 8.32768182e-01
 8.34468823e-01 8.35297442e-01 8.39657581e-01 8.38691940e-01
 8.39847635e-01 8.40538371e-01 8.40906482e-01 8.45388787e-01
 8.43873190e-01 8.47837971e-01 8.45267519e-01 8.43925597e-01
 8.48672019e-01 8.45412255e-01 8.46473142e-01 8.46368901e-01
 8.48690199e-01 8.47505374e-01 8.46724726e-01 8.47312452e-01
 8.49000576e-01 8.49731520e-01]

semi edge
b 30: 130
b 50: 165
b 70: 182
semi edge= [0.00000000e+00 1.74281516e-04 1.62106469e-03 2.73601783e-03
 4.00363624e-03 4.51051205e-03 5.57682376e-03 6.79280152e-03
 7.68336256e-03 9.29750262e-03 1.07627482e-02 1.15353706e-02
 1.35093834e-02 1.45579157e-02 1.55206897e-02 1.72947039e-02
 1.87883433e-02 2.04719637e-02 2.17049785e-02 2.27121299e-02
 2.39696892e-02 2.50053368e-02 2.63483039e-02 2.76329099e-02
 2.91942839e-02 3.02792605e-02 3.16842247e-02 3.28826891e-02
 3.41519952e-02 3.58240425e-02 3.72725719e-02 3.85951100e-02
 4.00192817e-02 4.21484375e-02 4.37544846e-02 4.45425510e-02
 4.61498715e-02 4.82158867e-02 5.01970919e-02 5.14228677e-02
 5.31704132e-02 5.45465000e-02 5.56681605e-02 5.83023521e-02
 5.84820776e-02 6.07032691e-02 6.21675318e-02 6.33471365e-02
 6.47395732e-02 6.61559222e-02 6.83935832e-02 6.97949574e-02
 7.17051428e-02 7.37541143e-02 7.46723994e-02 7.66356383e-02
 7.78728301e-02 7.95727505e-02 8.08601235e-02 8.28319841e-02
 8.40980308e-02 8.56813305e-02 8.65134590e-02 8.93786722e-02
 9.06681452e-02 9.16384652e-02 9.27057401e-02 9.52389840e-02
 9.72789121e-02 9.87066170e-02 9.95977276e-02 1.01200958e-01
 1.02089219e-01 1.03618782e-01 1.04522392e-01 1.04988433e-01
 1.07624499e-01 1.09789137e-01 1.11163021e-01 1.12459110e-01
 1.18507404e-01 1.19822142e-01 1.21303199e-01 1.22441601e-01
 1.24302986e-01 1.26305448e-01 1.28561237e-01 1.29412656e-01
 1.35331179e-01 1.41188940e-01 1.42752722e-01 1.44501314e-01
 1.46641892e-01 1.53136722e-01 1.58492596e-01 1.59635283e-01
 1.62004042e-01 1.65095305e-01 1.67030429e-01 1.68669607e-01
 1.73152355e-01 1.74811076e-01 1.77263695e-01 1.84278986e-01
 1.87572136e-01 1.94011697e-01 2.07444719e-01 2.09839734e-01
 2.20242032e-01 2.26541704e-01 2.29047977e-01 2.31584385e-01
 2.33695848e-01 2.38826812e-01 2.44666163e-01 2.47227872e-01
 2.50845151e-01 2.52903878e-01 2.56705328e-01 2.62861541e-01
 2.64170401e-01 2.66588100e-01 2.71783256e-01 2.76010550e-01
 2.77725514e-01 2.80930118e-01 2.87931298e-01 2.91420507e-01
 2.93721778e-01 2.96882131e-01 3.03074161e-01 3.09682188e-01
 3.13752209e-01 3.15785389e-01 3.20345940e-01 3.24136969e-01
 3.25836443e-01 3.29242716e-01 3.35465381e-01 3.41134900e-01
 3.45188603e-01 3.50464663e-01 3.52931092e-01 3.57544779e-01
 3.61379502e-01 3.64312370e-01 3.73248557e-01 3.82364216e-01
 3.95985389e-01 4.08331300e-01 4.14140899e-01 4.22277157e-01
 4.27504231e-01 4.32063946e-01 4.38425456e-01 4.45084772e-01
 4.47318046e-01 4.52450514e-01 4.61097420e-01 4.68733101e-01
 4.78014640e-01 4.81969638e-01 4.85259331e-01 4.91794456e-01
 4.98785708e-01 5.09171124e-01 5.19667436e-01 5.41071495e-01
 5.45485370e-01 5.52353541e-01 5.64644830e-01 5.70564109e-01
 5.81933657e-01 5.95421554e-01 6.01811783e-01 6.15609559e-01
 6.30979045e-01 6.41029616e-01 6.57490495e-01 6.70321101e-01
 6.78291460e-01 6.88636333e-01 7.00449620e-01 7.08232291e-01
 7.10613589e-01 7.18076641e-01 7.21252342e-01 7.31033399e-01
 7.34880075e-01 7.40512085e-01 7.42279506e-01 7.45819251e-01
 7.47693938e-01 7.54918547e-01 7.56966472e-01 7.60471966e-01
 7.62810078e-01 7.67129309e-01 7.69014049e-01 7.77014117e-01
 7.81556445e-01 7.83146394e-01 7.84858089e-01 7.87088116e-01
 7.89934594e-01 7.94001679e-01 8.00856944e-01 8.04277981e-01
 8.05698981e-01 8.06986806e-01 8.09236593e-01 8.10691485e-01
 8.12217826e-01 8.13940989e-01 8.18006238e-01 8.18732773e-01
 8.19696404e-01 8.23285382e-01 8.24966521e-01 8.25965206e-01
 8.26856486e-01 8.28776548e-01 8.30238341e-01 8.34216196e-01
 8.35782164e-01 8.38454402e-01 8.39402467e-01 8.40399260e-01
 8.42511177e-01 8.42930715e-01 8.43315221e-01 8.43680757e-01
 8.43986783e-01 8.44316488e-01 8.44603560e-01 8.44931170e-01
 8.45219615e-01 8.45487176e-01 8.45706580e-01 8.45940711e-01
 8.46099255e-01 8.46314409e-01 8.46520975e-01 8.46678194e-01
 8.46807551e-01 8.46969715e-01 8.47114906e-01 8.47294478e-01
 8.47472636e-01 8.47626112e-01 8.47753917e-01 8.47887563e-01
 8.48016383e-01 8.48150323e-01 8.48282300e-01 8.48393880e-01
 8.48502207e-01 8.48615596e-01 8.48720731e-01 8.48834288e-01
 8.48921496e-01 8.49006974e-01 8.49074554e-01 8.49137577e-01
 8.49208237e-01 8.49250489e-01 8.49318932e-01 8.49367406e-01
 8.49408110e-01 8.49449264e-01 8.49495674e-01 8.49516887e-01
 8.49535635e-01 8.49560048e-01 8.49580266e-01 8.49602273e-01
 8.49624992e-01 8.49646809e-01 8.49668212e-01 8.49688762e-01
 8.49709714e-01 8.49731520e-01]

edge simple
b 30: 34
b 50: 60
b 70: 120
edge simple= [0.         0.00346388 0.01300312 0.01956729 0.01648845 0.03069542
 0.03280253 0.05090981 0.06173179 0.0579271  0.08566062 0.07974536
 0.10183661 0.09541426 0.10349899 0.1102138  0.12172024 0.13338395
 0.14833184 0.15442126 0.16077993 0.17138846 0.18731082 0.19381579
 0.20453441 0.21992695 0.21798867 0.23356956 0.24654991 0.25281814
 0.26680869 0.26812338 0.28781905 0.29587215 0.30652882 0.3134451
 0.31582282 0.32202177 0.33107557 0.33292677 0.34942968 0.34846817
 0.36227237 0.38081731 0.37601295 0.39327847 0.40125152 0.40605614
 0.41705086 0.43537861 0.44069151 0.44296218 0.44079516 0.44609303
 0.44565147 0.47079274 0.47446453 0.48486301 0.47569326 0.48836892
 0.50171817 0.51047915 0.5004568  0.51359579 0.5258154  0.51848331
 0.50837733 0.51330943 0.52641155 0.52479125 0.54104051 0.53771348
 0.54802841 0.55253686 0.54557068 0.55940716 0.55682335 0.56136024
 0.56603119 0.57657506 0.5747907  0.57470881 0.58726099 0.5886473
 0.58807172 0.58816961 0.5976857  0.59663579 0.59915431 0.60742093
 0.60873841 0.61169252 0.61909243 0.61940922 0.61943878 0.62923087
 0.62741254 0.64007281 0.63498514 0.6373103  0.63982539 0.63879949
 0.65284543 0.65727264 0.66328381 0.66383558 0.66816906 0.66196414
 0.66647753 0.67659877 0.68032717 0.66900338 0.67758996 0.67324647
 0.67933503 0.67560979 0.67934631 0.69092217 0.688783   0.68876584
 0.70288741 0.70138432 0.70726644 0.70936405 0.71092044 0.71048502
 0.71413775 0.71550295 0.71469263 0.71582037 0.71781634 0.71775866
 0.72512552 0.72684872 0.72582652 0.72875667 0.73672884 0.73676704
 0.73698899 0.74305213 0.74194906 0.74598831 0.74439843 0.74194423
 0.74555756 0.74764776 0.75127173 0.75339346 0.75589744 0.75530973
 0.75820633 0.76033971 0.76213274 0.76222647 0.76379917 0.76955922
 0.76946173 0.77185817 0.77410355 0.77255203 0.77712303 0.7741846
 0.77914657 0.7752547  0.77611625 0.78137678 0.78297429 0.78014903
 0.78597151 0.78645564 0.78916676 0.79033845 0.7895766  0.79396368
 0.79483141 0.79509072 0.79519854 0.79727533 0.79929689 0.80043371
 0.80110219 0.80249549 0.80361355 0.8042894  0.80521243 0.80591869
 0.80706445 0.80867921 0.80961184 0.81012252 0.81054551 0.81140094
 0.81370302 0.8152692  0.81624649 0.81715553 0.81797928 0.81895173
 0.82012569 0.8210731  0.8218536  0.82288515 0.82372361 0.82492755
 0.82588616 0.82664238 0.82776249 0.82863481 0.82930883 0.8300611
 0.83085517 0.83168465 0.8323876  0.83296947 0.83399383 0.83483671
 0.83545987 0.8361294  0.83685934 0.83761664 0.83833352 0.83884527
 0.83942998 0.84010303 0.84068712 0.84125181 0.8416671  0.84211759
 0.84264706 0.84303294 0.84340572 0.84375032 0.84405939 0.84440151
 0.84470804 0.84499462 0.84525953 0.84554985 0.84576109 0.84598378
 0.84620533 0.84642049 0.84664667 0.84682258 0.84697537 0.84714522
 0.84729176 0.84744678 0.84762295 0.84775043 0.8478601  0.84797025
 0.84807671 0.84818841 0.84832225 0.84843086 0.84853799 0.84865038
 0.8487582  0.84887399 0.84896065 0.84904706 0.84911211 0.84915726
 0.84920132 0.84924695 0.84931173 0.84935974 0.84940124 0.84944356
 0.84948912 0.84951033 0.84953187 0.84955528 0.84957684 0.84959968
 0.84962005 0.84964383 0.84966821 0.84968876 0.84970971 0.84973152]

edge mzn
b 30: 83
b 50: 109
b 70: 154
edge mzn= [0.         0.00104995 0.00175334 0.00219657 0.00340571 0.00581535
 0.00553502 0.01094307 0.01977734 0.01796891 0.01905087 0.01871602
 0.02159362 0.02190051 0.0244528  0.03102779 0.02713139 0.03416494
 0.03653288 0.03564716 0.03052208 0.04853434 0.03830563 0.03962816
 0.0480763  0.04194553 0.05488049 0.05610049 0.07531423 0.06374563
 0.06640739 0.07963098 0.08474461 0.08473891 0.081557   0.08754419
 0.09191038 0.0992492  0.09381495 0.1041098  0.10502693 0.09950867
 0.10084917 0.10241116 0.11153156 0.12508431 0.11373771 0.11131829
 0.13034189 0.1363753  0.12795971 0.14199739 0.13216142 0.14457044
 0.13687808 0.15407303 0.14435041 0.15268075 0.15811556 0.16543146
 0.17504115 0.16573731 0.17881004 0.18204786 0.19200048 0.20003869
 0.19334398 0.19525771 0.20154723 0.21222307 0.22829947 0.22494558
 0.23746519 0.24147143 0.25518509 0.26832284 0.27407027 0.26716522
 0.27227279 0.28489771 0.29779854 0.29738697 0.29602957 0.30659453
 0.30969838 0.32622647 0.31799635 0.33105061 0.33363359 0.34719196
 0.36094314 0.36716213 0.38897065 0.37507864 0.3768037  0.39084268
 0.41354127 0.40061308 0.41979883 0.42354095 0.42874071 0.42876755
 0.44348581 0.43411338 0.45079337 0.45513174 0.46116024 0.48324331
 0.48609914 0.50005655 0.50628603 0.51070844 0.50277985 0.52020544
 0.533342   0.53464466 0.53798468 0.53982771 0.53963189 0.54565427
 0.55224492 0.55235498 0.55250048 0.56508164 0.57027931 0.56830642
 0.57904585 0.58976103 0.5783472  0.59661906 0.59845992 0.61590593
 0.6057087  0.61130205 0.61089008 0.61874243 0.63106584 0.62616137
 0.63266633 0.64284351 0.64102626 0.64505446 0.65376613 0.66196409
 0.67091343 0.66509987 0.6654616  0.6786848  0.67864469 0.67714255
 0.68665622 0.68848265 0.69017343 0.69762036 0.70134469 0.69907152
 0.69896764 0.70817564 0.71849777 0.71941476 0.72343883 0.72758171
 0.72678137 0.72854483 0.74086559 0.74844846 0.7433894  0.74951626
 0.74912625 0.75343803 0.75601474 0.75368231 0.76005923 0.76328127
 0.76785783 0.76754219 0.77022341 0.77587759 0.7788996  0.77879326
 0.7795509  0.78402321 0.78669082 0.7879558  0.78907693 0.79063332
 0.79252765 0.79558828 0.79967501 0.80020123 0.80111246 0.80398988
 0.80582643 0.8081964  0.80912243 0.80789943 0.81117903 0.81442639
 0.81389886 0.81681547 0.81767326 0.81851311 0.81989382 0.82068321
 0.82229178 0.8215127  0.82436479 0.82397815 0.82607917 0.82704122
 0.82794747 0.8287055  0.83039375 0.83062391 0.83180006 0.83290187
 0.83448198 0.83518738 0.83625576 0.83702347 0.83752984 0.83834288
 0.83886006 0.83949156 0.84014889 0.8405374  0.84133694 0.8418025
 0.84186443 0.84222965 0.84265281 0.84339122 0.84367967 0.8444437
 0.84422307 0.84500555 0.84531643 0.84563173 0.84583492 0.84604373
 0.84631971 0.846499   0.84673748 0.84696356 0.84706522 0.84728048
 0.84740428 0.84757744 0.84771509 0.84782882 0.84794205 0.84808058
 0.84821232 0.84830057 0.84841104 0.84854477 0.84862972 0.84869769
 0.84880395 0.84892206 0.84901017 0.84909408 0.84915905 0.84920355
 0.84924822 0.84931463 0.84938029 0.84942611 0.84946676 0.84950836
 0.84955321 0.84957496 0.84959423 0.84961986 0.84964028 0.84964343
 0.84964388 0.84964455 0.84966821 0.84968876 0.84970971 0.84973152]
