t=45.72

edge
b 30: 194
b 50: 239
b 70: 296
edge= [0.00000000e+00 4.65224609e-04 1.53269996e-03 6.12883980e-03
 4.73328553e-03 3.73060776e-03 4.29160121e-03 6.10630979e-03
 5.62667626e-03 6.68448687e-03 8.67972294e-03 8.60094577e-03
 1.12991333e-02 9.85862821e-03 1.06125405e-02 1.43029716e-02
 1.48881408e-02 1.39176534e-02 1.59254996e-02 1.64671255e-02
 2.09893023e-02 1.81207928e-02 1.92872298e-02 1.89422682e-02
 2.18602798e-02 2.20296211e-02 2.30745251e-02 2.40605644e-02
 2.45200205e-02 2.89635304e-02 2.85657918e-02 3.01518241e-02
 2.85131543e-02 2.78580770e-02 3.09402934e-02 3.10372135e-02
 3.26817506e-02 3.14805490e-02 3.50171646e-02 3.98872425e-02
 3.80700411e-02 3.27783814e-02 3.44756012e-02 4.22449924e-02
 3.86041112e-02 4.01513930e-02 3.97043450e-02 3.89533608e-02
 4.10616083e-02 4.05384973e-02 4.79171318e-02 4.69117033e-02
 4.71071185e-02 5.32899130e-02 5.41253835e-02 5.34724131e-02
 5.70340402e-02 5.29528759e-02 5.50696111e-02 5.59245341e-02
 5.61664483e-02 6.39062397e-02 6.16187030e-02 6.42506637e-02
 5.95121934e-02 5.73226220e-02 6.74732211e-02 6.85008220e-02
 6.14788855e-02 6.41387006e-02 6.51124362e-02 7.11217805e-02
 7.67175736e-02 6.99620747e-02 6.63980230e-02 6.90387961e-02
 7.21818552e-02 7.56384634e-02 7.57109356e-02 7.93558151e-02
 8.37847438e-02 7.85033696e-02 8.14828663e-02 7.90874846e-02
 8.23199027e-02 8.56998040e-02 9.12093479e-02 7.91831026e-02
 8.41499113e-02 9.36681764e-02 9.58783953e-02 9.26409439e-02
 8.63560618e-02 9.31457823e-02 9.97382046e-02 9.83841053e-02
 1.00504897e-01 1.01738926e-01 9.44376413e-02 1.08871564e-01
 1.11534166e-01 1.01677053e-01 1.06333949e-01 1.18779426e-01
 1.05563547e-01 1.11194745e-01 1.21872826e-01 1.15703703e-01
 1.15299034e-01 1.13079025e-01 1.14539402e-01 1.19820597e-01
 1.22579135e-01 1.17897890e-01 1.29921253e-01 1.20587270e-01
 1.26003300e-01 1.31921631e-01 1.32692396e-01 1.27795167e-01
 1.32907419e-01 1.37189555e-01 1.37036627e-01 1.37750952e-01
 1.46664893e-01 1.41987336e-01 1.43443819e-01 1.44878790e-01
 1.46748310e-01 1.52612630e-01 1.52022671e-01 1.51688418e-01
 1.51973971e-01 1.51092760e-01 1.59154862e-01 1.74217428e-01
 1.65108064e-01 1.64707828e-01 1.71913620e-01 1.69777517e-01
 1.60491822e-01 1.66712329e-01 1.75340484e-01 1.73398641e-01
 1.85056905e-01 1.69825403e-01 1.78089901e-01 1.86728078e-01
 1.81066905e-01 2.00033842e-01 1.82102132e-01 1.90941450e-01
 1.88660712e-01 1.91517670e-01 1.97261899e-01 1.97587805e-01
 1.95348151e-01 2.01818098e-01 1.93597846e-01 2.05564065e-01
 2.14677482e-01 2.07471460e-01 2.17750690e-01 2.15108917e-01
 2.12363821e-01 2.11114513e-01 2.24015231e-01 2.20799866e-01
 2.16912978e-01 2.33773004e-01 2.32918401e-01 2.41288507e-01
 2.25263990e-01 2.39824313e-01 2.46402984e-01 2.48072411e-01
 2.48059770e-01 2.61324377e-01 2.52265403e-01 2.55816858e-01
 2.59134243e-01 2.66622049e-01 2.65007078e-01 2.66683041e-01
 2.80072849e-01 2.78780972e-01 2.70501459e-01 2.69109899e-01
 2.88498575e-01 2.79253059e-01 2.82687440e-01 2.88939495e-01
 2.94846553e-01 2.96283004e-01 3.06152507e-01 3.08224935e-01
 2.98587956e-01 3.17845412e-01 3.14223671e-01 3.30879794e-01
 3.12451872e-01 3.25458334e-01 3.36234062e-01 3.38554176e-01
 3.37812732e-01 3.46297579e-01 3.48988322e-01 3.44235765e-01
 3.52502343e-01 3.69066219e-01 3.55575001e-01 3.77264144e-01
 3.76037011e-01 3.78683870e-01 3.82640721e-01 3.87984103e-01
 3.97162745e-01 4.11981141e-01 3.98737012e-01 4.03851893e-01
 4.04068573e-01 4.23579732e-01 4.15666377e-01 4.19327962e-01
 4.30084618e-01 4.38278757e-01 4.40482752e-01 4.38714037e-01
 4.47088935e-01 4.45899595e-01 4.51953748e-01 4.44651183e-01
 4.60166413e-01 4.69373851e-01 4.53903638e-01 4.68025061e-01
 4.81524473e-01 4.87055822e-01 4.90045378e-01 5.01593002e-01
 4.97719641e-01 5.04848498e-01 5.13841677e-01 5.29872674e-01
 5.20378550e-01 5.22928513e-01 5.37945287e-01 5.45341987e-01
 5.45192166e-01 5.50091835e-01 5.43818776e-01 5.59490639e-01
 5.50953635e-01 5.61519407e-01 5.57585780e-01 5.65278698e-01
 5.70524570e-01 5.87371245e-01 5.71748409e-01 5.77540855e-01
 5.83125622e-01 5.93490272e-01 5.98809230e-01 6.00381728e-01
 5.99790968e-01 6.19437507e-01 6.13907153e-01 6.10282139e-01
 6.17404604e-01 6.17068978e-01 6.29732903e-01 6.24628751e-01
 6.32767031e-01 6.38147151e-01 6.39420075e-01 6.39852423e-01
 6.41324273e-01 6.38639305e-01 6.53137469e-01 6.56019770e-01
 6.52925568e-01 6.56289686e-01 6.59954609e-01 6.66801463e-01
 6.67762832e-01 6.67108359e-01 6.78274337e-01 6.72552708e-01
 6.73761341e-01 6.83703661e-01 6.83808657e-01 6.89174402e-01
 6.92533008e-01 6.92324436e-01 6.98877286e-01 6.97528301e-01
 7.00831287e-01 6.98775646e-01 7.04696855e-01 7.07598986e-01
 7.09437059e-01 7.10622738e-01 7.09898450e-01 7.11086441e-01
 7.08347256e-01 7.13306192e-01 7.16271410e-01 7.15335310e-01
 7.18939613e-01 7.18981590e-01 7.20620077e-01 7.19353560e-01
 7.20150813e-01 7.23014957e-01 7.20847790e-01 7.24701367e-01
 7.22893872e-01 7.24366567e-01 7.24080764e-01 7.24346342e-01
 7.26236971e-01 7.25060897e-01 7.25977933e-01 7.26113661e-01
 7.26889120e-01 7.27767280e-01 7.27249884e-01 7.27611508e-01
 7.28454076e-01 7.29036233e-01 7.29768595e-01 7.28319944e-01
 7.29538730e-01 7.29533284e-01 7.29313161e-01 7.29915481e-01
 7.30446027e-01 7.30480955e-01 7.30524384e-01 7.30736438e-01
 7.30521340e-01 7.30969201e-01 7.30524668e-01 7.30909119e-01
 7.30349722e-01 7.31594314e-01 7.31112041e-01 7.31670332e-01]

semi edge
b 30: 135
b 50: 176
b 70: 248
semi edge= [0.00000000e+00 4.72936985e-04 1.50815023e-03 3.06204483e-03
 3.84342212e-03 5.00121977e-03 5.34321351e-03 6.54002634e-03
 7.59206183e-03 8.63727485e-03 9.63250031e-03 1.08567465e-02
 1.20835053e-02 1.29530129e-02 1.41257558e-02 1.56770132e-02
 1.69374185e-02 1.82846231e-02 1.91108343e-02 2.01848288e-02
 2.17359548e-02 2.33057753e-02 2.45598320e-02 2.59719095e-02
 2.74482669e-02 2.85872511e-02 2.92003752e-02 3.04070401e-02
 3.16722304e-02 3.31274380e-02 3.45593689e-02 3.52480694e-02
 3.71080037e-02 3.85323847e-02 3.95836256e-02 4.12466783e-02
 4.25130185e-02 4.41350760e-02 4.57644891e-02 4.69414652e-02
 4.83342726e-02 4.96609040e-02 5.11750887e-02 5.22150989e-02
 5.40762288e-02 5.48034902e-02 5.70700880e-02 5.81138387e-02
 5.93771653e-02 6.11495632e-02 6.25258166e-02 6.38690521e-02
 6.49918582e-02 6.69739887e-02 6.85126111e-02 7.05583289e-02
 7.23386631e-02 7.34410639e-02 7.48636967e-02 7.69936977e-02
 7.85766538e-02 8.05373941e-02 8.15845429e-02 8.34732944e-02
 8.46030727e-02 8.60253753e-02 8.80479398e-02 8.99358671e-02
 9.15473944e-02 9.44917253e-02 9.69369096e-02 9.86515239e-02
 1.00957282e-01 1.02148861e-01 1.03869272e-01 1.05726608e-01
 1.07943480e-01 1.09671871e-01 1.11178842e-01 1.14036797e-01
 1.15800913e-01 1.17265835e-01 1.18428106e-01 1.23926523e-01
 1.25530887e-01 1.27258567e-01 1.30362385e-01 1.31934012e-01
 1.35556794e-01 1.37705803e-01 1.39907034e-01 1.41429041e-01
 1.44061973e-01 1.46438580e-01 1.48809049e-01 1.51377863e-01
 1.54477239e-01 1.57454222e-01 1.59992043e-01 1.62026084e-01
 1.64805527e-01 1.66828018e-01 1.69044663e-01 1.72273498e-01
 1.74169552e-01 1.76156025e-01 1.79922744e-01 1.82380382e-01
 1.85150786e-01 1.89050319e-01 1.91534443e-01 1.95154746e-01
 1.98576300e-01 2.00821527e-01 2.05385939e-01 2.08589543e-01
 2.11347844e-01 2.14727649e-01 2.19632831e-01 2.25456033e-01
 2.28980107e-01 2.31897999e-01 2.41426236e-01 2.44478670e-01
 2.46553046e-01 2.50326519e-01 2.54032311e-01 2.58231410e-01
 2.61541504e-01 2.70238485e-01 2.76813206e-01 2.79096718e-01
 2.85049322e-01 2.89998299e-01 2.94117648e-01 3.01202828e-01
 3.05096202e-01 3.09126665e-01 3.12342647e-01 3.15860888e-01
 3.20903849e-01 3.25246263e-01 3.29082751e-01 3.35863988e-01
 3.39405392e-01 3.45551846e-01 3.50076108e-01 3.53933231e-01
 3.58611546e-01 3.62750601e-01 3.66492122e-01 3.73024833e-01
 3.78182454e-01 3.81936292e-01 3.86134068e-01 3.89985487e-01
 3.93099800e-01 3.97585081e-01 4.03751240e-01 4.10369550e-01
 4.21176363e-01 4.23818982e-01 4.28164789e-01 4.33514939e-01
 4.39085949e-01 4.44906624e-01 4.55670619e-01 4.63133453e-01
 4.68889099e-01 4.71620873e-01 4.74097054e-01 4.78187514e-01
 4.81441316e-01 4.84054100e-01 4.90793417e-01 4.98031497e-01
 5.01690240e-01 5.10999790e-01 5.14819572e-01 5.20889690e-01
 5.26856936e-01 5.30127220e-01 5.32797307e-01 5.37880425e-01
 5.41869863e-01 5.47630027e-01 5.54987580e-01 5.60347477e-01
 5.61898097e-01 5.64228659e-01 5.66900849e-01 5.69905412e-01
 5.72439287e-01 5.76574168e-01 5.80675859e-01 5.83872864e-01
 5.90108244e-01 5.94132609e-01 5.96495296e-01 6.00180733e-01
 6.02742188e-01 6.04146762e-01 6.06736430e-01 6.09447166e-01
 6.12877372e-01 6.17508787e-01 6.21513359e-01 6.22861404e-01
 6.25171154e-01 6.31349167e-01 6.34403219e-01 6.37191426e-01
 6.43078033e-01 6.46129813e-01 6.49823821e-01 6.51412179e-01
 6.55861336e-01 6.58925148e-01 6.60340907e-01 6.62775870e-01
 6.64367900e-01 6.65825066e-01 6.68573261e-01 6.69509085e-01
 6.70944614e-01 6.75353355e-01 6.76839640e-01 6.78033376e-01
 6.78780503e-01 6.79829874e-01 6.81176900e-01 6.81865134e-01
 6.82596527e-01 6.83382080e-01 6.84047148e-01 6.84805152e-01
 6.85586063e-01 6.86346058e-01 6.87114350e-01 6.87967559e-01
 6.89147697e-01 6.92847372e-01 6.94740344e-01 6.95833556e-01
 6.97677391e-01 6.98402627e-01 6.99149138e-01 6.99773030e-01
 7.00601986e-01 7.01603695e-01 7.02121435e-01 7.02646273e-01
 7.03338398e-01 7.04146823e-01 7.05286797e-01 7.05804060e-01
 7.06211884e-01 7.07454714e-01 7.07987386e-01 7.08481298e-01
 7.09750428e-01 7.10404562e-01 7.11088640e-01 7.11753708e-01
 7.12662389e-01 7.13859665e-01 7.15088703e-01 7.16413884e-01
 7.16909132e-01 7.17383230e-01 7.18129863e-01 7.18622949e-01
 7.19120284e-01 7.20373567e-01 7.20767574e-01 7.21524950e-01
 7.21863822e-01 7.22186246e-01 7.22536309e-01 7.22880846e-01
 7.23246029e-01 7.23594827e-01 7.23970742e-01 7.24347921e-01
 7.24726492e-01 7.25073245e-01 7.25418913e-01 7.25749221e-01
 7.26043828e-01 7.26348740e-01 7.26672294e-01 7.26997979e-01
 7.27311193e-01 7.27604727e-01 7.27898117e-01 7.28094199e-01
 7.28306780e-01 7.28498789e-01 7.28690926e-01 7.28824893e-01
 7.29022041e-01 7.29211757e-01 7.29376601e-01 7.29503903e-01
 7.29644538e-01 7.29769330e-01 7.29897363e-01 7.30021365e-01
 7.30129871e-01 7.30249534e-01 7.30354818e-01 7.30443284e-01
 7.30542929e-01 7.30646405e-01 7.30707816e-01 7.30776358e-01
 7.30836205e-01 7.30896161e-01 7.30918872e-01 7.30938416e-01
 7.30984843e-01 7.31025194e-01 7.31065962e-01 7.31104394e-01
 7.31145547e-01 7.31168439e-01 7.31210785e-01 7.31251586e-01
 7.31274386e-01 7.31315869e-01 7.31335566e-01 7.31357402e-01
 7.31374992e-01 7.31397502e-01 7.31396775e-01 7.31418642e-01
 7.31440403e-01 7.31461954e-01 7.31481588e-01 7.31502212e-01
 7.31521867e-01 7.31545335e-01 7.31566138e-01 7.31586499e-01
 7.31606849e-01 7.31627926e-01 7.31647760e-01 7.31670332e-01]

edge simple
b 30: 45
b 50: 101
b 70: 237
edge simple= [0.         0.00825042 0.00591927 0.00821684 0.01277696 0.02203255
 0.02255762 0.02854324 0.03270658 0.03618554 0.04326242 0.04472013
 0.05062214 0.05872087 0.06453834 0.06747351 0.07369491 0.07884599
 0.08840415 0.09280648 0.10413586 0.10812307 0.11467706 0.13015963
 0.13509665 0.14091323 0.14607395 0.15399898 0.16062271 0.17304418
 0.17471093 0.1869025  0.19290632 0.21266961 0.22069857 0.22641401
 0.23741979 0.24273269 0.24621306 0.25995879 0.26821722 0.26924245
 0.28538667 0.28884242 0.29827558 0.30612161 0.31580431 0.32450199
 0.33005686 0.32542105 0.33313616 0.33991336 0.35089572 0.34805951
 0.35312021 0.34709308 0.35204263 0.35806204 0.36470789 0.37734474
 0.37604341 0.38472902 0.3837733  0.39160947 0.39036033 0.39661288
 0.39993862 0.40070323 0.40817917 0.4046969  0.40766219 0.41885646
 0.41805218 0.42351533 0.42577103 0.42984901 0.43456987 0.42937989
 0.43530762 0.43722079 0.44341715 0.43954077 0.44934516 0.44311528
 0.45658527 0.45546936 0.46131007 0.45868656 0.46254841 0.46204387
 0.46973622 0.46405743 0.47416956 0.47453095 0.47457331 0.48410901
 0.48235273 0.48938211 0.48419093 0.49107693 0.49795098 0.50176442
 0.50166452 0.50635279 0.50034277 0.5081076  0.5108158  0.51233942
 0.51849017 0.52145217 0.51977347 0.52347053 0.53315132 0.53205595
 0.53285042 0.53870363 0.54107659 0.54395318 0.54260468 0.55003241
 0.55124158 0.55346445 0.55845599 0.55849774 0.55865165 0.55944805
 0.56852657 0.56365977 0.56887283 0.56481404 0.5691226  0.57078981
 0.57169627 0.57153431 0.57862172 0.57643748 0.57802913 0.58477333
 0.58366953 0.58494238 0.58953403 0.58867621 0.58880211 0.59286695
 0.59663046 0.59513623 0.59720398 0.60056418 0.60295749 0.60221236
 0.60397184 0.6028382  0.60835195 0.60942643 0.60955181 0.61046053
 0.6131787  0.61395675 0.61770592 0.61850069 0.62152826 0.6205648
 0.61987162 0.62254247 0.62363932 0.62635619 0.62789678 0.62803346
 0.62842656 0.62974693 0.62960719 0.6317868  0.63314205 0.63349393
 0.63537406 0.63665463 0.63785054 0.63915363 0.63998005 0.64114159
 0.64317332 0.64566586 0.64511276 0.64710319 0.64997039 0.65053096
 0.65270886 0.65492536 0.65550225 0.6556828  0.65640756 0.65843163
 0.65985963 0.66139543 0.66225429 0.66423527 0.66556208 0.66687407
 0.66721384 0.66781099 0.66882257 0.67049235 0.67155697 0.67199113
 0.67333543 0.67404081 0.6750947  0.6758588  0.67594161 0.67739534
 0.67824412 0.6795519  0.68032651 0.68119359 0.68115505 0.68318555
 0.68372649 0.68474971 0.68517511 0.6867297  0.68741985 0.68838906
 0.68849587 0.68984598 0.6906418  0.69145571 0.69238375 0.69300051
 0.69394584 0.69442487 0.69518938 0.69580321 0.69649033 0.69724674
 0.69793955 0.69875142 0.69954162 0.70017892 0.70098331 0.70166534
 0.70237614 0.70301032 0.70377152 0.70450485 0.70512732 0.70575236
 0.70657708 0.70723448 0.70789436 0.70840912 0.70909396 0.70954093
 0.71035028 0.71081264 0.71145346 0.71202749 0.71259527 0.71316502
 0.71372866 0.71432058 0.714955   0.71545386 0.71610219 0.71659819
 0.71702567 0.71754911 0.71813152 0.71866925 0.71914642 0.71962467
 0.72004156 0.72051624 0.7209924  0.72139303 0.72181886 0.72225408
 0.72257109 0.72293659 0.72330414 0.7236549  0.72401891 0.72434326
 0.72475567 0.72511716 0.72545428 0.72580779 0.72610682 0.72641876
 0.72669497 0.72698438 0.72726118 0.72749317 0.72770909 0.72795822
 0.72824974 0.72848274 0.72871656 0.72890598 0.7290581  0.72923567
 0.72939332 0.72953974 0.72968671 0.72979295 0.72994016 0.73000416
 0.73009463 0.73021637 0.73034248 0.73046451 0.73056823 0.7306746
 0.73075544 0.7308612  0.73094434 0.73100936 0.73107031 0.73113097
 0.73117389 0.73121305 0.7312578  0.73129873 0.73130136 0.73130434
 0.73132604 0.73136705 0.7313702  0.73139225 0.7314156  0.7314364
 0.73143772 0.73143899 0.73143833 0.73144062 0.73145905 0.73148117
 0.73148279 0.73150446 0.7315243  0.7315256  0.73154497 0.73156657
 0.73156791 0.73158836 0.73160891 0.7316302  0.73165054 0.73167033]

edge mzn
b 30: 73
b 50: 122
b 70: 238
edge mzn= [0.         0.00487754 0.00349171 0.00448054 0.01126399 0.00830601
 0.00972918 0.0181257  0.02073175 0.02270699 0.02575328 0.03074106
 0.0267988  0.02461754 0.03359673 0.03333019 0.03441473 0.03506629
 0.03951699 0.0496477  0.04419536 0.05211346 0.04926906 0.05511021
 0.06029888 0.05775946 0.06641104 0.06343483 0.07306715 0.0724084
 0.0806059  0.0826749  0.08965963 0.09311997 0.09495192 0.09437411
 0.09436775 0.10571289 0.11703    0.11287521 0.11718089 0.12096597
 0.12256322 0.13197258 0.13226629 0.14247977 0.14805375 0.15116683
 0.14814092 0.15048627 0.16693497 0.16145642 0.16678935 0.17492812
 0.17141363 0.18601692 0.19213419 0.20011426 0.19996715 0.22041892
 0.23228131 0.22513262 0.22885303 0.24120207 0.25282263 0.25982175
 0.27052121 0.27177368 0.26639159 0.28629059 0.28775668 0.29600583
 0.29696099 0.30491435 0.30871491 0.3103337  0.31575007 0.31989528
 0.32239893 0.3244923  0.34067622 0.33981132 0.35033276 0.35419125
 0.36479173 0.36544626 0.3655175  0.37805385 0.37795096 0.38543626
 0.3902017  0.39267924 0.39635208 0.40142078 0.402773   0.4141991
 0.41250737 0.42227383 0.43108759 0.43274789 0.43620377 0.43331759
 0.43915939 0.43848067 0.45067803 0.45471076 0.45418296 0.4564619
 0.46257925 0.4691764  0.46178902 0.46664661 0.46596249 0.4720594
 0.46912126 0.47729903 0.47548796 0.48623563 0.48497887 0.49247153
 0.49138723 0.49853479 0.50586532 0.50965617 0.5075507  0.51648403
 0.51815142 0.51954949 0.52549843 0.52913105 0.53459299 0.53353302
 0.53501802 0.53890115 0.54404828 0.54271887 0.54707817 0.54729137
 0.5515545  0.55602043 0.56159793 0.55819265 0.56171495 0.56257292
 0.56937618 0.57336545 0.56995994 0.57427748 0.57665369 0.57721856
 0.58403136 0.5835979  0.58512639 0.58688341 0.58986149 0.59224768
 0.59122011 0.59676169 0.5978009  0.59755192 0.6011974  0.60476197
 0.60721735 0.60821668 0.60628379 0.61155169 0.61358771 0.61648158
 0.61490084 0.61670429 0.61906035 0.62384143 0.62364445 0.62605589
 0.62745153 0.62862036 0.63095027 0.63222594 0.63292153 0.63443792
 0.63498557 0.63725317 0.63845393 0.64054008 0.64236801 0.64230381
 0.64275996 0.64475855 0.64746103 0.64811705 0.64911756 0.65039587
 0.65136878 0.65332713 0.65399641 0.65622369 0.65694656 0.65828979
 0.66033245 0.66215781 0.66260466 0.66422324 0.66505017 0.66715993
 0.66801082 0.67109921 0.67200505 0.67212857 0.67280632 0.67551606
 0.67636956 0.67810712 0.67927584 0.68059285 0.68112685 0.68205418
 0.68290067 0.68392413 0.68454555 0.68561095 0.68710665 0.68706119
 0.68820297 0.68946436 0.69011079 0.6905291  0.6915102  0.69228069
 0.69263871 0.69336548 0.69435671 0.69499745 0.69542841 0.69621487
 0.69716866 0.69807077 0.69910783 0.69967597 0.70066487 0.70138127
 0.70205702 0.70276006 0.70342929 0.70406565 0.7046466  0.70534912
 0.70604976 0.70666547 0.70746644 0.70800006 0.7087839  0.70934771
 0.70993543 0.71058993 0.71114298 0.7117507  0.71233421 0.71307542
 0.71365008 0.71423583 0.71481344 0.7152376  0.7159196  0.71624701
 0.71684459 0.71737932 0.71785899 0.71834977 0.71882061 0.71933705
 0.71992413 0.72026659 0.72078379 0.72119003 0.72161811 0.7220705
 0.72239093 0.72272014 0.72321891 0.72362089 0.723924   0.72424664
 0.72461806 0.72500337 0.72533807 0.72562925 0.72594586 0.72620388
 0.72647779 0.72674669 0.72702809 0.72728015 0.72755456 0.72776637
 0.72801899 0.72822703 0.72844279 0.72867868 0.72887043 0.72902856
 0.72922492 0.72941243 0.72953865 0.72964581 0.72976576 0.72987282
 0.72994041 0.73002437 0.73015098 0.73025111 0.7303349  0.7304437
 0.73054519 0.73064836 0.73073017 0.73079978 0.73085681 0.73091912
 0.73096079 0.73099886 0.7310245  0.73104447 0.73106648 0.73110635
 0.73114754 0.7311694  0.73121098 0.73125377 0.73129635 0.73133795
 0.73135783 0.7313812  0.73139914 0.73142118 0.73143939 0.73146137
 0.73148327 0.73148457 0.73150488 0.73152555 0.7315448  0.73156654
 0.73158735 0.73160752 0.73162835 0.7316302  0.73165054 0.73167033]
