t=47.7

edge
b 30: 166
b 50: 203
b 70: 234
edge= [0.00000000e+00 1.84047839e-04 1.03305844e-03 1.26014243e-03
 3.76551406e-03 3.46143835e-03 4.19717579e-03 7.26980367e-03
 7.96594871e-03 7.57661861e-03 8.05441861e-03 7.29048783e-03
 8.97911533e-03 1.49016613e-02 1.43390425e-02 1.35896828e-02
 1.91538505e-02 1.91712931e-02 2.08499064e-02 2.13658988e-02
 2.39981461e-02 1.66613975e-02 2.27806121e-02 2.15044508e-02
 1.87566501e-02 3.06025182e-02 2.81068394e-02 3.75216246e-02
 2.77039652e-02 2.85142387e-02 2.67450044e-02 3.24750786e-02
 2.78316952e-02 3.43032619e-02 4.25956756e-02 2.98102467e-02
 5.46302521e-02 2.78060942e-02 4.16006218e-02 4.21959232e-02
 3.55430414e-02 4.39296694e-02 4.45889380e-02 4.68686386e-02
 3.68467235e-02 4.30030599e-02 4.81450921e-02 4.45322277e-02
 5.92531924e-02 5.61843350e-02 5.29678400e-02 5.69280689e-02
 5.61805952e-02 6.40377318e-02 6.20216736e-02 6.19692187e-02
 5.68080326e-02 6.89498240e-02 6.73648420e-02 6.28131094e-02
 7.38480092e-02 7.84343582e-02 7.79828831e-02 6.40055984e-02
 7.14947560e-02 7.37316798e-02 7.70584100e-02 7.75646895e-02
 7.80448079e-02 7.79829896e-02 8.27029649e-02 7.19904221e-02
 9.43500923e-02 8.47293828e-02 9.22867781e-02 7.77596037e-02
 9.36892315e-02 8.13101431e-02 8.72435626e-02 1.04568991e-01
 9.15320251e-02 9.40211050e-02 9.80977361e-02 1.00354348e-01
 1.05629483e-01 1.00887203e-01 9.86535731e-02 1.03011790e-01
 9.98754357e-02 1.09018773e-01 1.04259991e-01 1.03081798e-01
 1.22938075e-01 1.12010058e-01 1.17188746e-01 1.25724128e-01
 1.23296026e-01 1.14076790e-01 1.19338641e-01 1.23312391e-01
 1.16923804e-01 1.19417057e-01 1.33226057e-01 1.30745112e-01
 1.27406974e-01 1.35172208e-01 1.28252467e-01 1.43514703e-01
 1.41821883e-01 1.45676176e-01 1.43552045e-01 1.39834673e-01
 1.61275641e-01 1.40900027e-01 1.55308570e-01 1.46190973e-01
 1.63510285e-01 1.50788499e-01 1.53352221e-01 1.64783508e-01
 1.59696131e-01 1.63589206e-01 1.70604178e-01 1.63872231e-01
 1.82753269e-01 1.67083067e-01 1.91434466e-01 1.91379063e-01
 1.64447958e-01 1.76076459e-01 1.92033003e-01 1.84569193e-01
 1.89813118e-01 1.85778707e-01 2.06658719e-01 2.03067580e-01
 1.96783631e-01 1.95483432e-01 2.13269191e-01 1.94174738e-01
 2.09576885e-01 1.90317178e-01 2.25106619e-01 2.32079863e-01
 2.19657903e-01 2.34050595e-01 2.25751028e-01 2.28224881e-01
 2.30023337e-01 2.51184274e-01 2.27505917e-01 2.37454447e-01
 2.41842139e-01 2.35912683e-01 2.49879330e-01 2.47728399e-01
 2.54480654e-01 2.38703221e-01 2.77264299e-01 2.60998172e-01
 2.51723539e-01 2.82532524e-01 2.89182451e-01 2.73025079e-01
 2.75445889e-01 2.89685768e-01 3.00463202e-01 3.11214048e-01
 3.02817437e-01 3.17333789e-01 3.17026520e-01 3.03306236e-01
 3.32146314e-01 3.23120787e-01 3.14219883e-01 3.34359677e-01
 3.58065847e-01 3.62095302e-01 3.52397027e-01 3.61515733e-01
 3.73724778e-01 3.71148024e-01 3.97395292e-01 4.06205567e-01
 3.84796108e-01 3.96980018e-01 3.89230246e-01 4.04671338e-01
 4.10509827e-01 4.18607071e-01 4.28208089e-01 4.38221151e-01
 4.55125775e-01 4.43208909e-01 4.45055630e-01 4.58055715e-01
 4.73400033e-01 4.90316740e-01 4.68828544e-01 4.98606400e-01
 4.78065845e-01 4.88095994e-01 4.89592381e-01 5.03972486e-01
 5.20193247e-01 5.11402811e-01 5.23165788e-01 5.44401009e-01
 5.40741029e-01 5.43132364e-01 5.55178678e-01 5.49857701e-01
 5.55103392e-01 5.64198928e-01 5.88071854e-01 6.01802004e-01
 5.89876600e-01 5.96774781e-01 5.90201815e-01 6.28539544e-01
 6.21762669e-01 6.24785064e-01 6.16581450e-01 6.52346121e-01
 6.31386301e-01 6.58819856e-01 6.64108420e-01 6.49087955e-01
 6.76082962e-01 6.64114857e-01 6.78663506e-01 6.84099187e-01
 6.81588808e-01 6.97813884e-01 7.13295207e-01 7.02907214e-01
 7.15206670e-01 7.30801824e-01 7.29142344e-01 7.11036211e-01
 7.38041998e-01 7.48657417e-01 7.45157909e-01 7.57384922e-01
 7.60732170e-01 7.65902536e-01 7.65070804e-01 7.70394035e-01
 7.78659107e-01 7.81207142e-01 7.76631439e-01 7.89680771e-01
 7.87340076e-01 7.99891060e-01 8.02496822e-01 8.06857137e-01
 8.06262161e-01 8.06850207e-01 7.96752638e-01 8.12561242e-01
 8.25013980e-01 8.31274426e-01 8.26737712e-01 8.21614159e-01
 8.24184888e-01 8.32067979e-01 8.28113037e-01 8.32911272e-01
 8.36946367e-01 8.44022053e-01 8.44153091e-01 8.40038290e-01
 8.43514907e-01 8.37654369e-01 8.43137499e-01 8.42671617e-01
 8.41137318e-01 8.42248679e-01 8.44484580e-01 8.47940113e-01
 8.47765160e-01 8.48669486e-01 8.48601382e-01 8.44998001e-01
 8.50061796e-01 8.50104735e-01 8.50126696e-01]

semi edge
b 30: 129
b 50: 161
b 70: 186
semi edge= [0.00000000e+00 5.07422441e-04 1.13846748e-03 2.02616245e-03
 3.41590199e-03 3.63195862e-03 4.72481524e-03 5.01783125e-03
 6.19982390e-03 7.47796424e-03 8.49466764e-03 8.95209927e-03
 1.04281316e-02 1.19442378e-02 1.27411509e-02 1.42092881e-02
 1.51454233e-02 1.62731871e-02 1.73613334e-02 1.91554926e-02
 1.97512787e-02 2.15246192e-02 2.25153298e-02 2.37288518e-02
 2.57607690e-02 2.66839273e-02 2.83169316e-02 2.98331006e-02
 3.07026752e-02 3.26888514e-02 3.42835407e-02 3.56441666e-02
 3.68497678e-02 3.79484226e-02 3.94546682e-02 4.11389175e-02
 4.27924923e-02 4.35239160e-02 4.50792114e-02 4.69242382e-02
 4.84979795e-02 4.95852847e-02 5.13078909e-02 5.21576711e-02
 5.29719219e-02 5.46571081e-02 5.66775691e-02 5.77424451e-02
 5.93124917e-02 6.07728917e-02 6.23442838e-02 6.39646565e-02
 6.51953700e-02 6.71551343e-02 6.84687068e-02 7.04740168e-02
 7.15464685e-02 7.43522894e-02 7.51647319e-02 7.71710621e-02
 7.85029997e-02 7.95065608e-02 8.02863445e-02 8.24552910e-02
 8.31614158e-02 8.52298706e-02 8.68111463e-02 8.87541596e-02
 9.00514817e-02 9.16095184e-02 9.30663556e-02 9.53014172e-02
 9.69312806e-02 9.87758293e-02 1.05515597e-01 1.10654919e-01
 1.12009621e-01 1.14493922e-01 1.15230238e-01 1.17852746e-01
 1.19364105e-01 1.20093856e-01 1.25735625e-01 1.27263589e-01
 1.28365589e-01 1.30534908e-01 1.32884193e-01 1.35704812e-01
 1.42235873e-01 1.43713800e-01 1.48475317e-01 1.54770071e-01
 1.59795420e-01 1.62407493e-01 1.66392166e-01 1.67737616e-01
 1.70323550e-01 1.73540266e-01 1.76286791e-01 1.78415774e-01
 1.80709892e-01 1.81795458e-01 1.90815049e-01 1.97256621e-01
 2.00840042e-01 2.02738808e-01 2.05503314e-01 2.08231747e-01
 2.13411772e-01 2.15170997e-01 2.17205555e-01 2.18774656e-01
 2.22462816e-01 2.27848071e-01 2.32140389e-01 2.37632864e-01
 2.40648142e-01 2.43060372e-01 2.45186242e-01 2.47785784e-01
 2.51605474e-01 2.56640682e-01 2.64402951e-01 2.67403954e-01
 2.72114186e-01 2.79296121e-01 2.82236432e-01 2.89315077e-01
 2.94753967e-01 3.00377556e-01 3.06458259e-01 3.12868570e-01
 3.18248674e-01 3.20701033e-01 3.29615461e-01 3.34856256e-01
 3.39604440e-01 3.43044958e-01 3.46397932e-01 3.54637090e-01
 3.57618759e-01 3.67215632e-01 3.75235169e-01 3.83979601e-01
 3.91769533e-01 3.99884430e-01 4.08387097e-01 4.13048575e-01
 4.20944040e-01 4.25319352e-01 4.33830752e-01 4.40216960e-01
 4.52884499e-01 4.59903253e-01 4.65282658e-01 4.74245619e-01
 4.80175703e-01 4.85004608e-01 4.87439951e-01 4.89784511e-01
 4.99545924e-01 5.05996845e-01 5.13729813e-01 5.22447552e-01
 5.29862853e-01 5.31966854e-01 5.41462864e-01 5.57490968e-01
 5.63220974e-01 5.74279819e-01 5.85566988e-01 5.94293748e-01
 6.03610226e-01 6.13638815e-01 6.18974365e-01 6.22819270e-01
 6.30892941e-01 6.42531827e-01 6.50167142e-01 6.55011119e-01
 6.63700889e-01 6.70151807e-01 6.75610941e-01 6.83209284e-01
 6.92698634e-01 6.98877162e-01 7.05305541e-01 7.10602191e-01
 7.18827647e-01 7.23015067e-01 7.25497721e-01 7.30779623e-01
 7.33479635e-01 7.35048412e-01 7.37087927e-01 7.41182733e-01
 7.44702346e-01 7.50805492e-01 7.51885911e-01 7.55540763e-01
 7.60685489e-01 7.63747824e-01 7.64981726e-01 7.74585745e-01
 7.77117249e-01 7.79074908e-01 7.82954494e-01 7.85869012e-01
 7.89541621e-01 7.91726165e-01 7.92966959e-01 7.95128300e-01
 8.01736333e-01 8.05164148e-01 8.06574724e-01 8.10521209e-01
 8.11633662e-01 8.13827778e-01 8.17986860e-01 8.21100170e-01
 8.26408962e-01 8.27972184e-01 8.29279540e-01 8.30613628e-01
 8.32485827e-01 8.35089450e-01 8.35643680e-01 8.36207963e-01
 8.36759435e-01 8.37286151e-01 8.37769792e-01 8.38206123e-01
 8.38713412e-01 8.39136645e-01 8.39645300e-01 8.40052495e-01
 8.40511046e-01 8.40921740e-01 8.41343444e-01 8.41759633e-01
 8.42210313e-01 8.42626191e-01 8.43017653e-01 8.43316846e-01
 8.43667565e-01 8.43939537e-01 8.44286333e-01 8.44582640e-01
 8.44865271e-01 8.45173444e-01 8.45464424e-01 8.45752073e-01
 8.46056540e-01 8.46367809e-01 8.46605844e-01 8.46875833e-01
 8.47108156e-01 8.47376448e-01 8.47607552e-01 8.47850296e-01
 8.48091060e-01 8.48289879e-01 8.48465811e-01 8.48602169e-01
 8.48756698e-01 8.48907748e-01 8.49036309e-01 8.49130304e-01
 8.49217797e-01 8.49310857e-01 8.49398457e-01 8.49463668e-01
 8.49528020e-01 8.49596624e-01 8.49638547e-01 8.49684442e-01
 8.49728388e-01 8.49770881e-01 8.49818065e-01 8.49861992e-01
 8.49904956e-01 8.49949420e-01 8.49994315e-01 8.50038410e-01
 8.50082067e-01 8.50104735e-01 8.50126696e-01]

edge simple
b 30: 33
b 50: 59
b 70: 123
edge simple= [0.         0.00759532 0.00820291 0.01665613 0.02218086 0.03205614
 0.038518   0.03863294 0.04506607 0.05744268 0.06215292 0.07306917
 0.06649345 0.09118407 0.08591322 0.10124457 0.10983499 0.12491628
 0.127955   0.1414782  0.14333908 0.15799969 0.17292347 0.1789573
 0.18143005 0.20403358 0.20546329 0.21917422 0.2309695  0.24928213
 0.26222786 0.26811978 0.28702708 0.30024754 0.30812021 0.3169898
 0.33637594 0.33704284 0.33441378 0.35904043 0.37055126 0.38146729
 0.381341   0.40708596 0.42498    0.43656539 0.43523003 0.44727486
 0.44054147 0.45148447 0.47771691 0.47281647 0.48415676 0.48292488
 0.48571501 0.49113771 0.48070743 0.49408994 0.49413685 0.50877203
 0.51020313 0.50718997 0.51877338 0.51793635 0.52289986 0.53174819
 0.53430844 0.53838083 0.5484824  0.55066527 0.55588966 0.56049272
 0.56350639 0.56240657 0.56474305 0.56952561 0.56537779 0.57025632
 0.57287267 0.57253205 0.56831701 0.57224291 0.57844031 0.57901791
 0.59575898 0.58880354 0.59516691 0.59564366 0.60910346 0.60208263
 0.61061953 0.61895751 0.61480201 0.61899945 0.62506743 0.63268536
 0.63171336 0.63306145 0.63202463 0.63953944 0.64108437 0.64192964
 0.64426191 0.64545758 0.65371147 0.65166934 0.65281394 0.65526081
 0.65523185 0.66695962 0.66978124 0.6679556  0.67142254 0.67447096
 0.67685705 0.68504011 0.68735173 0.68812963 0.68781979 0.68428479
 0.69017918 0.68903024 0.69675196 0.70214502 0.69437647 0.6971891
 0.70253818 0.70706458 0.70925436 0.71477113 0.71268997 0.71392121
 0.71477714 0.71523381 0.72478225 0.72546937 0.72955816 0.72916536
 0.73698882 0.73753073 0.72813824 0.73820539 0.73748428 0.73916692
 0.73854614 0.74140928 0.74816756 0.74673416 0.75554627 0.75410565
 0.75562956 0.75655521 0.76161964 0.76342703 0.76454011 0.76371372
 0.76960651 0.77096878 0.77213414 0.76699524 0.76970042 0.77310775
 0.77492455 0.77533442 0.77854495 0.77727374 0.78165944 0.7860221
 0.78625383 0.78667511 0.78762351 0.78658173 0.78687506 0.79159092
 0.79293821 0.79405644 0.79461534 0.7957852  0.79883554 0.79928337
 0.79953021 0.80153288 0.80138834 0.80294577 0.80395829 0.80491564
 0.80566101 0.80658934 0.80775683 0.80881567 0.80890934 0.81084134
 0.81154799 0.81219235 0.81302868 0.81382481 0.81469259 0.81456969
 0.81606407 0.81622922 0.816929   0.81886857 0.81859457 0.82057448
 0.82106861 0.82167649 0.82166124 0.82327592 0.82420349 0.82501901
 0.82537137 0.82613303 0.82704931 0.82766705 0.82820256 0.82904135
 0.82972123 0.83038015 0.83106154 0.83157161 0.83249725 0.833126
 0.83372122 0.83434929 0.8348725  0.83546178 0.83596718 0.83651492
 0.83704396 0.83751096 0.83800384 0.83842891 0.8388757  0.83940205
 0.83987416 0.84032856 0.84078166 0.84123725 0.84170215 0.84218621
 0.84264037 0.8430791  0.84352196 0.84392754 0.84427732 0.84461005
 0.84493834 0.84524774 0.84553236 0.8457738  0.84602861 0.84627247
 0.84649663 0.84675882 0.84702255 0.84724543 0.8474824  0.84771267
 0.8479207  0.84814189 0.84836221 0.84851482 0.84865347 0.84876744
 0.84888014 0.84901212 0.84911835 0.84923417 0.84934371 0.84945513
 0.84952481 0.84958802 0.8496554  0.84972354 0.84976479 0.84978814
 0.84981143 0.84985472 0.84985929 0.84990345 0.84992391 0.84996876
 0.85001477 0.85003841 0.85008207 0.85010474 0.8501267 ]

edge mzn
b 30: 57
b 50: 85
b 70: 136
edge mzn= [0.         0.00148247 0.00286907 0.00778127 0.00800427 0.0167265
 0.01783514 0.02467903 0.02113323 0.02414839 0.02806092 0.02486112
 0.03933923 0.0379676  0.04559506 0.04969004 0.05547802 0.0594018
 0.0592207  0.06742016 0.066299   0.06835456 0.06769607 0.08714432
 0.08175151 0.07985049 0.08870892 0.10113629 0.08759995 0.09935189
 0.1156954  0.10899935 0.11412983 0.12209923 0.11871143 0.13440931
 0.14702846 0.13829303 0.15244613 0.16736367 0.15916515 0.16551912
 0.18833249 0.18101068 0.18629572 0.19343813 0.20174579 0.21068565
 0.21332875 0.22499383 0.23826056 0.24992564 0.25624709 0.27217626
 0.26968642 0.29340583 0.28811573 0.3042124  0.30827525 0.3194208
 0.32129886 0.33791441 0.34297387 0.35327952 0.36819716 0.37351264
 0.38214331 0.39371685 0.38615044 0.40215707 0.40780082 0.41970234
 0.42159824 0.44603031 0.45181248 0.4604443  0.45288938 0.45687498
 0.45055876 0.46507216 0.47567173 0.48524098 0.48724947 0.49733426
 0.49924231 0.50215336 0.50446238 0.52274395 0.52155076 0.51980923
 0.52947572 0.53638818 0.54600833 0.54585857 0.55923881 0.55772864
 0.57471397 0.56613611 0.56936532 0.57384857 0.56971508 0.57496737
 0.5809121  0.59007648 0.5853997  0.59656595 0.59482008 0.5991767
 0.59602145 0.60546067 0.60344207 0.61455376 0.61225707 0.61925239
 0.61814377 0.62519413 0.62213987 0.62583672 0.62612201 0.63345905
 0.63357129 0.63900589 0.63966078 0.64105962 0.64298067 0.64810497
 0.65282547 0.65797964 0.66577151 0.67241154 0.66965248 0.67556115
 0.68001611 0.68810073 0.68307691 0.69309595 0.70217378 0.70015325
 0.69780916 0.70610712 0.70798326 0.71173922 0.71261888 0.72019322
 0.71897178 0.72163097 0.7213879  0.71841222 0.72342978 0.72361272
 0.72738157 0.73082053 0.73208451 0.73220527 0.73580197 0.7383075
 0.73711319 0.74244268 0.75033522 0.752527   0.74954033 0.7537844
 0.76110414 0.76614789 0.77041538 0.76780125 0.76878067 0.76998893
 0.77339288 0.77419997 0.77987263 0.78225676 0.77933795 0.77971142
 0.78487032 0.78587473 0.78818008 0.78936907 0.79143069 0.79279959
 0.79477011 0.79664041 0.79499059 0.7974513  0.79998803 0.79961875
 0.80255708 0.80332775 0.804214   0.80553107 0.80774903 0.80773434
 0.80852909 0.81022639 0.81061315 0.81144408 0.8109912  0.81398784
 0.81359317 0.8138666  0.81649571 0.81599211 0.81809659 0.81904937
 0.81964297 0.82019484 0.82122276 0.82230707 0.8231646  0.82394943
 0.82483541 0.8255336  0.82719098 0.82768809 0.82745217 0.82896517
 0.82995996 0.83060141 0.83119965 0.83192032 0.83160824 0.83310713
 0.83363717 0.83438411 0.83510632 0.83568236 0.83627798 0.83690385
 0.83748783 0.83795228 0.83847585 0.83896231 0.83932739 0.83985686
 0.84035149 0.84081875 0.8413402  0.84181668 0.84225989 0.84271765
 0.84312665 0.84353    0.84391384 0.84429068 0.84460766 0.84491621
 0.8452441  0.84551614 0.8458113  0.84612368 0.84643249 0.84670333
 0.84698804 0.84729223 0.84751467 0.84771334 0.84787113 0.84803645
 0.84820336 0.84842774 0.8486483  0.84877782 0.84887116 0.84896249
 0.84905151 0.84916364 0.84924887 0.84936308 0.84945031 0.84952019
 0.84958688 0.84963095 0.84967812 0.84974627 0.84978814 0.84983193
 0.8498544  0.84987677 0.84992263 0.84994544 0.84998899 0.85001274
 0.85001477 0.85003841 0.85008207 0.85010474 0.8501267 ]
