t=23.5

edge
b 30: 161
b 50: 193
b 70: 220
edge= [0.00000000e+00 6.57360217e-04 1.52834633e-03 3.04599281e-03
 2.99665080e-03 4.44783720e-03 6.72448903e-03 6.08685488e-03
 5.55758249e-03 6.53497666e-03 1.14181614e-02 8.29296891e-03
 1.76186930e-02 8.89289977e-03 1.58282666e-02 2.13679332e-02
 1.77567726e-02 1.74115690e-02 1.54219579e-02 2.38965710e-02
 2.51652151e-02 3.34083667e-02 2.36355353e-02 2.37921165e-02
 2.66681548e-02 3.17003675e-02 3.95305441e-02 2.25878008e-02
 3.19429861e-02 4.28776191e-02 4.27874888e-02 3.93087805e-02
 4.67502188e-02 3.85941849e-02 4.32684888e-02 3.73810990e-02
 3.68966280e-02 4.81214611e-02 3.89378079e-02 4.21926533e-02
 3.44693115e-02 5.53210017e-02 5.36661782e-02 5.32555178e-02
 4.76913433e-02 5.07657083e-02 4.78546784e-02 6.33399287e-02
 6.01771170e-02 6.54153038e-02 5.19293661e-02 6.47543140e-02
 5.87749697e-02 7.32799944e-02 7.71732687e-02 6.71994700e-02
 6.26823935e-02 7.04177838e-02 8.09862316e-02 6.11127200e-02
 7.91126099e-02 7.51272325e-02 8.77187800e-02 8.02031841e-02
 9.30987149e-02 8.76347195e-02 6.47010438e-02 9.08341888e-02
 7.93798086e-02 9.07136773e-02 8.94390221e-02 8.78731959e-02
 9.90196310e-02 9.80692654e-02 9.90243116e-02 1.12846583e-01
 1.14581789e-01 9.59434565e-02 1.07653694e-01 1.16277157e-01
 1.13939411e-01 1.06040544e-01 1.05019960e-01 1.12340110e-01
 1.07323515e-01 1.01383111e-01 1.21570929e-01 1.15281640e-01
 1.33231190e-01 1.23183249e-01 1.20782243e-01 1.25915339e-01
 1.12183429e-01 1.41785672e-01 1.30677368e-01 1.32551097e-01
 1.33777754e-01 1.34193429e-01 1.42208763e-01 1.43430017e-01
 1.36903577e-01 1.42421390e-01 1.55324195e-01 1.42214542e-01
 1.59931818e-01 1.58349441e-01 1.54786341e-01 1.67455573e-01
 1.56188133e-01 1.39659128e-01 1.59413815e-01 1.68958520e-01
 1.47131117e-01 1.78781271e-01 1.63771309e-01 1.73079740e-01
 1.77879863e-01 1.68524809e-01 1.98112739e-01 1.86577775e-01
 1.81588552e-01 1.79703205e-01 2.13868639e-01 1.87603098e-01
 2.05249812e-01 1.84587225e-01 1.99814852e-01 1.91627702e-01
 2.28344526e-01 1.99279964e-01 2.19718674e-01 2.17260003e-01
 2.30236118e-01 2.06087329e-01 2.23469356e-01 2.35290312e-01
 2.31560671e-01 2.28065656e-01 2.22487996e-01 2.39882514e-01
 2.42997568e-01 2.56912840e-01 2.23345202e-01 2.46796323e-01
 2.44923989e-01 2.42222275e-01 2.63999781e-01 2.70757111e-01
 2.71253606e-01 2.63767125e-01 2.66196662e-01 2.68234137e-01
 2.76153686e-01 2.79085810e-01 2.76976688e-01 2.94529682e-01
 2.74139838e-01 2.83444308e-01 2.96039487e-01 2.92929095e-01
 2.91917263e-01 3.23922682e-01 3.22169329e-01 3.14662919e-01
 3.17196910e-01 3.18847756e-01 3.17540157e-01 3.34222721e-01
 3.67243543e-01 3.55574910e-01 3.47729586e-01 3.74433887e-01
 3.63418262e-01 3.56162079e-01 3.67318804e-01 3.90083810e-01
 3.85576943e-01 3.88450371e-01 4.21455312e-01 4.00395147e-01
 3.99963952e-01 4.26674366e-01 4.11465697e-01 4.49327246e-01
 4.35056787e-01 4.33808013e-01 4.41016244e-01 4.59662724e-01
 4.74290400e-01 4.62222426e-01 4.70960281e-01 4.93066018e-01
 4.92788452e-01 5.10493605e-01 5.08168840e-01 5.22516323e-01
 5.39288381e-01 5.15034833e-01 5.19152487e-01 5.40140355e-01
 5.49694616e-01 5.57932778e-01 5.65140647e-01 5.68372193e-01
 5.80448033e-01 5.81166891e-01 5.82802496e-01 5.86340623e-01
 6.23204680e-01 6.26450767e-01 6.36319120e-01 6.33344066e-01
 6.31531447e-01 6.57151548e-01 6.52359029e-01 6.70378099e-01
 6.78205672e-01 6.78431920e-01 6.76398395e-01 6.97785941e-01
 7.05038522e-01 7.05620697e-01 7.11217271e-01 7.24619859e-01
 7.27048244e-01 7.36788548e-01 7.32075319e-01 7.56970658e-01
 7.54961089e-01 7.61223214e-01 7.60825782e-01 7.72804909e-01
 7.79644334e-01 7.75266439e-01 7.79937518e-01 7.89948147e-01
 7.90036063e-01 8.05253029e-01 8.01175184e-01 8.07640812e-01
 8.06249721e-01 8.13139177e-01 8.13472032e-01 8.17578682e-01
 8.23601029e-01 8.19646875e-01 8.14759417e-01 8.20002774e-01
 8.22502096e-01 8.27494797e-01 8.22059583e-01 8.28346998e-01
 8.31096877e-01 8.27977935e-01 8.31644154e-01 8.36293591e-01
 8.35887527e-01 8.37038162e-01 8.34229891e-01 8.37134494e-01
 8.39537837e-01 8.39929066e-01 8.41516560e-01 8.41795472e-01
 8.41903320e-01 8.42670784e-01]

semi edge
b 30: 121
b 50: 153
b 70: 177
semi edge= [0.00000000e+00 3.33385325e-04 1.44488365e-03 2.74626242e-03
 3.89927665e-03 4.63509795e-03 6.20016359e-03 6.64964391e-03
 7.44255665e-03 8.87904763e-03 9.98899239e-03 1.17778075e-02
 1.29249746e-02 1.40985596e-02 1.51720424e-02 1.66271785e-02
 1.85753681e-02 1.98830848e-02 2.20088685e-02 2.27918660e-02
 2.44759448e-02 2.63930233e-02 2.79300297e-02 2.82831990e-02
 2.95263260e-02 3.11944022e-02 3.26817507e-02 3.45008409e-02
 3.55484068e-02 3.68284062e-02 3.78548658e-02 3.93917066e-02
 4.06341235e-02 4.23244044e-02 4.31456353e-02 4.46926991e-02
 4.64166163e-02 4.80533758e-02 4.90629449e-02 5.08046775e-02
 5.23436679e-02 5.44594078e-02 5.61482574e-02 5.77416635e-02
 5.88758862e-02 6.16077478e-02 6.35090293e-02 6.61507887e-02
 6.75567339e-02 6.97170794e-02 7.18680766e-02 7.39044235e-02
 7.48706966e-02 7.70748780e-02 7.89695783e-02 7.97654695e-02
 8.25107920e-02 8.51850554e-02 8.58599076e-02 8.74314847e-02
 8.94231743e-02 9.09368404e-02 9.23590466e-02 9.38142650e-02
 9.48155102e-02 9.62745477e-02 9.73526627e-02 9.88557145e-02
 1.00724386e-01 1.01673103e-01 1.03278775e-01 1.05282050e-01
 1.06711143e-01 1.07765463e-01 1.09426409e-01 1.11805862e-01
 1.13812933e-01 1.16316038e-01 1.17984149e-01 1.24143640e-01
 1.26737499e-01 1.28324156e-01 1.30174414e-01 1.33422094e-01
 1.37305101e-01 1.38316746e-01 1.43653822e-01 1.45731732e-01
 1.48359655e-01 1.50168771e-01 1.52032946e-01 1.53266577e-01
 1.54996514e-01 1.61208394e-01 1.65165319e-01 1.68083978e-01
 1.76640698e-01 1.79797564e-01 1.88512977e-01 1.90043919e-01
 1.96133967e-01 2.03614083e-01 2.06837233e-01 2.14923532e-01
 2.24679761e-01 2.28906223e-01 2.31296172e-01 2.36906848e-01
 2.43575758e-01 2.48017623e-01 2.51809271e-01 2.53305973e-01
 2.57759451e-01 2.61630535e-01 2.66249798e-01 2.71645576e-01
 2.75433641e-01 2.78975097e-01 2.83132473e-01 2.88530314e-01
 2.93470880e-01 3.02670503e-01 3.04300692e-01 3.07464224e-01
 3.10987819e-01 3.14792035e-01 3.18763619e-01 3.26695745e-01
 3.32676579e-01 3.36968604e-01 3.40206350e-01 3.43347815e-01
 3.49121619e-01 3.57451058e-01 3.66828460e-01 3.76665007e-01
 3.84884337e-01 3.98204971e-01 4.09793209e-01 4.14148026e-01
 4.23945841e-01 4.28418283e-01 4.41356303e-01 4.43739492e-01
 4.51129390e-01 4.55549679e-01 4.62606009e-01 4.69646454e-01
 4.75256353e-01 4.84738734e-01 4.89523193e-01 4.94196397e-01
 4.97897713e-01 5.07277510e-01 5.14041463e-01 5.20655805e-01
 5.32337065e-01 5.38889584e-01 5.53861195e-01 5.62116961e-01
 5.76591093e-01 5.80807911e-01 5.89229744e-01 5.98520176e-01
 6.07112922e-01 6.15703412e-01 6.24165101e-01 6.32778779e-01
 6.40720877e-01 6.53967309e-01 6.61828320e-01 6.66483553e-01
 6.77081112e-01 6.83375612e-01 6.88701107e-01 6.95702594e-01
 6.98633574e-01 7.06473611e-01 7.13173749e-01 7.16616253e-01
 7.22496842e-01 7.29870004e-01 7.34324673e-01 7.41795160e-01
 7.50259771e-01 7.54658345e-01 7.62439985e-01 7.67178482e-01
 7.71417923e-01 7.73257762e-01 7.78364181e-01 7.80685948e-01
 7.83292206e-01 7.85313809e-01 7.88111334e-01 7.91695368e-01
 7.92976475e-01 7.96364117e-01 7.98866762e-01 8.03028843e-01
 8.04141514e-01 8.07693636e-01 8.13572846e-01 8.15235879e-01
 8.16268053e-01 8.18163406e-01 8.19053265e-01 8.19774710e-01
 8.20826798e-01 8.21839000e-01 8.23665194e-01 8.24382562e-01
 8.25740470e-01 8.26539617e-01 8.27796959e-01 8.28471284e-01
 8.29155353e-01 8.29802957e-01 8.30426239e-01 8.31046713e-01
 8.31595827e-01 8.32164936e-01 8.32779336e-01 8.33316099e-01
 8.33897184e-01 8.34399114e-01 8.34901810e-01 8.35401940e-01
 8.35833224e-01 8.36304532e-01 8.36691952e-01 8.36998778e-01
 8.37308210e-01 8.37687978e-01 8.38035678e-01 8.38374880e-01
 8.38720461e-01 8.39016609e-01 8.39270653e-01 8.39521968e-01
 8.39724699e-01 8.39975611e-01 8.40232161e-01 8.40435900e-01
 8.40617134e-01 8.40756748e-01 8.40869095e-01 8.41005393e-01
 8.41146057e-01 8.41256292e-01 8.41394615e-01 8.41534064e-01
 8.41650242e-01 8.41789018e-01 8.41898732e-01 8.42014924e-01
 8.42127021e-01 8.42219270e-01 8.42283951e-01 8.42354202e-01
 8.42422411e-01 8.42489457e-01 8.42534882e-01 8.42581089e-01
 8.42624930e-01 8.42670784e-01]

edge simple
b 30: 32
b 50: 51
b 70: 120
edge simple= [0.         0.00732852 0.00883825 0.01855531 0.01710414 0.02901714
 0.03070848 0.03603307 0.04091898 0.05069866 0.06656227 0.06647265
 0.08283928 0.09915882 0.10644204 0.10908727 0.11757845 0.13066876
 0.14158713 0.15101196 0.17059825 0.17357405 0.19059184 0.18901444
 0.2096508  0.22255259 0.22374225 0.24338084 0.2511781  0.26414297
 0.27568482 0.28496936 0.30038949 0.30885389 0.31271927 0.33763892
 0.3569621  0.36774432 0.37961005 0.39136712 0.38913875 0.40388141
 0.4222098  0.43727182 0.44302478 0.457055   0.45734198 0.46862628
 0.47375385 0.4917383  0.49633492 0.51405049 0.5071087  0.52123967
 0.51115072 0.51932615 0.52157083 0.53203674 0.53176414 0.53679039
 0.54199831 0.54279728 0.54084059 0.54268902 0.55388652 0.55015285
 0.55422555 0.5657657  0.56484633 0.56748017 0.56447738 0.57357586
 0.56292526 0.57769385 0.57084333 0.58615383 0.58670836 0.59402443
 0.59503209 0.60119072 0.59721633 0.60222878 0.60895084 0.61310184
 0.61182623 0.61624076 0.61510923 0.61678055 0.6221394  0.62123538
 0.63315583 0.63590605 0.64282721 0.63959335 0.64230639 0.64288353
 0.6437402  0.64826866 0.6529025  0.66091468 0.65920408 0.65758959
 0.66260021 0.66609706 0.66642858 0.67181198 0.67069471 0.67279844
 0.67736468 0.67842231 0.67988415 0.68656508 0.68217081 0.68494838
 0.68679556 0.69099389 0.69306951 0.69498113 0.69809015 0.69890106
 0.70189816 0.70156569 0.70703301 0.70726757 0.70887993 0.7102045
 0.71171152 0.71625388 0.71685566 0.71630583 0.72099478 0.72257084
 0.72308977 0.73091312 0.73079351 0.72676967 0.73199002 0.73541344
 0.73529506 0.73675113 0.7398254  0.74359739 0.7449226  0.74356699
 0.75159252 0.75360646 0.75723761 0.75839275 0.75880086 0.761519
 0.76097284 0.76388589 0.76322217 0.7652166  0.76940544 0.76976273
 0.77144709 0.7710099  0.77326776 0.77491326 0.77664962 0.77732912
 0.77633573 0.7802381  0.7820385  0.78202235 0.7834874  0.78634079
 0.7858764  0.78886726 0.78955137 0.78879025 0.79166251 0.79158608
 0.79346807 0.79452336 0.79609182 0.795853   0.79727295 0.79872739
 0.79986453 0.80102543 0.80101256 0.80227745 0.80334991 0.80498307
 0.80579985 0.80691396 0.80778314 0.80855887 0.80935288 0.81024183
 0.81115497 0.81213733 0.81260325 0.81368932 0.81435805 0.81510738
 0.81616725 0.81698862 0.81775215 0.8186422  0.81959284 0.82047166
 0.82115705 0.82192011 0.82269841 0.82353439 0.82418605 0.82481879
 0.82562609 0.8263058  0.82706837 0.82780374 0.82844815 0.82907347
 0.82960434 0.83020649 0.83082964 0.83143169 0.8320067  0.83268563
 0.83327291 0.83383542 0.8344065  0.83498068 0.83548412 0.83596222
 0.83642407 0.83684971 0.83721278 0.83754674 0.83789834 0.8382091
 0.8385568  0.8388939  0.83921445 0.83950944 0.83972267 0.83993039
 0.84017915 0.84036945 0.84061807 0.84084494 0.84100464 0.84112607
 0.84121956 0.84128938 0.84142815 0.84154041 0.84165734 0.84175076
 0.84188822 0.84200486 0.84209244 0.84218513 0.84229763 0.8423461
 0.84239259 0.84241869 0.842465   0.84248946 0.84253488 0.84258109
 0.84262493 0.84267078]

edge mzn
b 30: 50
b 50: 76
b 70: 136
edge mzn= [0.         0.00548196 0.00300265 0.012605   0.00983777 0.0236469
 0.02477975 0.02176254 0.03525553 0.0316945  0.04110699 0.03213657
 0.05534137 0.04738877 0.04498395 0.05327169 0.06344418 0.07077778
 0.08165906 0.07322499 0.08932934 0.09352961 0.08439626 0.09615822
 0.11421605 0.1084841  0.11778461 0.11757694 0.1316961  0.13387856
 0.13029512 0.1466838  0.156968   0.15930394 0.15296842 0.18220322
 0.18670682 0.19452041 0.19844871 0.21617438 0.21503187 0.22272913
 0.22948729 0.25449201 0.25411657 0.25964702 0.27071406 0.27458778
 0.29275677 0.28762683 0.30274862 0.32733938 0.33594207 0.34728813
 0.35429387 0.36628401 0.38402099 0.38819354 0.41351762 0.40214526
 0.39770218 0.41230466 0.43771448 0.42935256 0.45132096 0.4505575
 0.44998185 0.46309587 0.46028982 0.46941127 0.47108362 0.47922942
 0.48605329 0.48755848 0.49730863 0.49678433 0.5033928  0.50534512
 0.50667399 0.51992598 0.51876721 0.52508549 0.53046226 0.52669246
 0.53737903 0.53987181 0.53675778 0.54451623 0.55133202 0.55968676
 0.56002006 0.56624042 0.5774523  0.57007457 0.58105183 0.58298296
 0.58686779 0.58917787 0.59563006 0.60395884 0.6026474  0.60931362
 0.60986719 0.61663323 0.61396582 0.62046226 0.62414347 0.62876181
 0.63390438 0.63786524 0.63806446 0.63689114 0.64647133 0.64867004
 0.64660977 0.65295194 0.65376009 0.65864752 0.66165798 0.65820994
 0.66208482 0.66644415 0.66750758 0.667304   0.67125545 0.66984014
 0.67560524 0.675559   0.68128297 0.68677155 0.68976312 0.69076353
 0.69133791 0.69663184 0.69403937 0.69896915 0.70362597 0.70437123
 0.70678749 0.71356771 0.71723647 0.7176104  0.72281784 0.72428837
 0.72515801 0.73003338 0.72922156 0.73211743 0.73350649 0.73933154
 0.73781816 0.74683365 0.74461211 0.74646589 0.75282683 0.75609289
 0.75603514 0.75831201 0.76193439 0.76258283 0.76374584 0.76345786
 0.76859835 0.76800698 0.76874978 0.7744371  0.77546335 0.77673849
 0.77560108 0.77947484 0.78017633 0.78222297 0.78793595 0.78872057
 0.78839069 0.78955111 0.79324209 0.79505099 0.79518568 0.79703313
 0.79937844 0.79970839 0.80127328 0.80216322 0.80408312 0.80450272
 0.80563895 0.80504614 0.80688934 0.80863424 0.8087855  0.81062106
 0.81054292 0.81238204 0.81228023 0.81374075 0.81465261 0.81556853
 0.81638689 0.8172768  0.81799391 0.8187148  0.81948157 0.82016847
 0.82102856 0.82169369 0.82247309 0.82303693 0.82378519 0.82440423
 0.8250979  0.82568076 0.82640419 0.82708224 0.82773402 0.82844061
 0.82907758 0.82964931 0.83028845 0.83099876 0.83154654 0.83226664
 0.83285606 0.83348479 0.83407876 0.83458341 0.83511217 0.83557001
 0.83607294 0.83657976 0.83701442 0.83735018 0.83770024 0.83801378
 0.83834166 0.83865655 0.83897692 0.83925392 0.83950828 0.8397133
 0.83994293 0.84017293 0.84040451 0.84062797 0.84078751 0.84095163
 0.84108678 0.84120288 0.84131784 0.84145319 0.84158969 0.84170599
 0.84179924 0.84191397 0.84200466 0.84211861 0.84223392 0.8423252
 0.8423691  0.84243903 0.84250807 0.84253321 0.84253488 0.84258109
 0.84262493 0.84267078]
