t=39.48

edge
b 30: 155
b 50: 185
b 70: 213
edge= [0.00000000e+00 7.75421326e-04 1.14670182e-03 2.71280368e-03
 3.34002680e-03 4.11136259e-03 8.94371842e-03 1.05405027e-02
 6.16496857e-03 1.20157243e-02 7.05713324e-03 1.79702055e-02
 7.95007021e-03 1.51628288e-02 2.24157931e-02 2.06100387e-02
 2.00015937e-02 1.90990495e-02 1.62794469e-02 2.59882853e-02
 1.99523464e-02 3.13100242e-02 2.56063671e-02 1.88079898e-02
 2.56718326e-02 2.95146431e-02 3.06841614e-02 2.89944256e-02
 2.67405819e-02 4.33219688e-02 3.97441282e-02 4.19797933e-02
 3.12008769e-02 5.30148815e-02 3.14977090e-02 3.81630040e-02
 3.46063571e-02 4.44692384e-02 4.62159955e-02 5.26831080e-02
 5.67623069e-02 5.13537475e-02 4.53736039e-02 4.79954869e-02
 5.36830475e-02 5.15448563e-02 6.22447558e-02 5.39712765e-02
 6.17195018e-02 7.40388038e-02 5.45994737e-02 8.42574506e-02
 6.52773154e-02 5.38930777e-02 6.42847219e-02 6.64774089e-02
 6.54121125e-02 8.56920746e-02 6.07457613e-02 7.25428310e-02
 7.87761319e-02 8.35585714e-02 7.67044775e-02 8.48638324e-02
 7.82775962e-02 8.03220559e-02 8.63232322e-02 8.74385816e-02
 8.14263474e-02 8.93507184e-02 9.43475532e-02 9.24618539e-02
 9.64547340e-02 1.00583490e-01 8.72678596e-02 1.01765392e-01
 1.02251569e-01 1.02738357e-01 1.10486320e-01 1.12702898e-01
 1.06719083e-01 1.12514352e-01 1.23968823e-01 9.34875882e-02
 1.02417415e-01 1.23157455e-01 1.30879449e-01 1.12225346e-01
 1.37574025e-01 1.22691977e-01 1.52064842e-01 1.27850477e-01
 1.38049124e-01 1.33694153e-01 1.32388240e-01 1.45954531e-01
 1.36957820e-01 1.33723297e-01 1.40869013e-01 1.41754107e-01
 1.44231330e-01 1.51219907e-01 1.45507999e-01 1.61055046e-01
 1.34434856e-01 1.53625376e-01 1.52433564e-01 1.63892521e-01
 1.43647621e-01 1.69248140e-01 1.66944072e-01 1.73611600e-01
 1.65353678e-01 1.75519009e-01 1.85947921e-01 1.81058095e-01
 1.73139454e-01 1.93861445e-01 1.81384490e-01 1.85705767e-01
 2.08234187e-01 1.96931937e-01 1.92583004e-01 1.85688561e-01
 1.89905833e-01 1.98729739e-01 1.99598158e-01 1.98697226e-01
 2.02721119e-01 2.12762266e-01 2.13375418e-01 2.16344328e-01
 2.28922168e-01 2.01070895e-01 2.27174561e-01 2.23494742e-01
 2.49902026e-01 2.21124671e-01 2.43134841e-01 2.44199936e-01
 2.57182020e-01 2.28395272e-01 2.63012564e-01 2.62188686e-01
 2.78938699e-01 2.53648360e-01 2.55475322e-01 2.72141941e-01
 2.81731865e-01 2.71473818e-01 2.91019578e-01 2.87990181e-01
 2.97176461e-01 2.88281530e-01 2.91936654e-01 3.24156413e-01
 3.23409491e-01 3.08961384e-01 3.40040061e-01 3.33961032e-01
 3.40283444e-01 3.29406304e-01 3.39216397e-01 3.53193665e-01
 3.41306325e-01 3.49882536e-01 3.56699123e-01 3.76478212e-01
 3.84159479e-01 3.69866992e-01 3.94005477e-01 4.04138230e-01
 4.32154801e-01 3.96672435e-01 4.20707230e-01 4.30494880e-01
 4.35013763e-01 4.51893009e-01 4.44162256e-01 4.57971126e-01
 4.54376009e-01 4.89556464e-01 4.75040876e-01 4.93422022e-01
 4.99931692e-01 5.27813977e-01 5.28925836e-01 5.19604673e-01
 5.25104235e-01 5.48962510e-01 5.39858498e-01 5.48791382e-01
 5.34370760e-01 5.61663701e-01 5.55523746e-01 5.69096429e-01
 5.72464312e-01 5.71136709e-01 6.01590489e-01 6.10540024e-01
 6.03732810e-01 6.33281781e-01 6.27410907e-01 6.58181631e-01
 6.39234337e-01 6.64004239e-01 6.52880719e-01 6.49129558e-01
 6.48949949e-01 6.63519919e-01 6.96418372e-01 6.96773404e-01
 6.97135162e-01 7.02691810e-01 7.11871898e-01 7.39527484e-01
 7.18948795e-01 7.39461737e-01 7.31041420e-01 7.30123206e-01
 7.56879805e-01 7.61295687e-01 7.60519949e-01 7.58580961e-01
 7.75212563e-01 7.77154071e-01 7.65130195e-01 7.75356468e-01
 7.82484336e-01 7.83068543e-01 7.94877609e-01 7.95598967e-01
 8.06138714e-01 7.95525184e-01 8.06357791e-01 8.03801225e-01
 8.05217778e-01 8.09798921e-01 8.25167587e-01 8.15121740e-01
 8.16486293e-01 8.19436357e-01 8.21688321e-01 8.19266181e-01
 8.23027413e-01 8.21137376e-01 8.29817600e-01 8.30032166e-01
 8.35443805e-01 8.28022354e-01 8.24531406e-01 8.36358111e-01
 8.29440241e-01 8.28359383e-01 8.41223059e-01 8.31069738e-01
 8.37575204e-01 8.35851371e-01 8.42097351e-01 8.48703102e-01
 8.38583916e-01 8.44243365e-01 8.41020881e-01 8.50023459e-01
 8.49330799e-01 8.51440852e-01 8.53410749e-01 8.52502891e-01
 8.54687069e-01 8.53859591e-01 8.56138564e-01 8.56168963e-01
 8.54557172e-01 8.55532288e-01 8.56705366e-01 8.56062524e-01
 8.56748122e-01]

semi edge
b 30: 115
b 50: 147
b 70: 172
semi edge= [0.00000000e+00 2.25787670e-04 1.41020001e-03 2.59226033e-03
 3.75376483e-03 4.41603384e-03 5.40251406e-03 6.56503607e-03
 8.17064258e-03 9.66953065e-03 1.15416761e-02 1.21464853e-02
 1.36428235e-02 1.46226385e-02 1.60258761e-02 1.79354528e-02
 1.85223645e-02 1.99644201e-02 2.25096502e-02 2.36463872e-02
 2.51687178e-02 2.71453369e-02 2.87351368e-02 2.95948980e-02
 3.14728280e-02 3.27491044e-02 3.39891881e-02 3.53411694e-02
 3.70233090e-02 3.89569287e-02 3.98599889e-02 4.15651641e-02
 4.32697739e-02 4.44117751e-02 4.59311296e-02 4.81200796e-02
 4.99057007e-02 5.15163298e-02 5.29663090e-02 5.47900858e-02
 5.63394102e-02 5.69697658e-02 5.91443368e-02 6.09722506e-02
 6.25657033e-02 6.47140861e-02 6.58216313e-02 6.75000741e-02
 6.94134463e-02 7.00499226e-02 7.11186836e-02 7.35239584e-02
 7.48847323e-02 7.63529956e-02 7.77034750e-02 7.90037482e-02
 8.00649050e-02 8.19810500e-02 8.27446621e-02 8.49148434e-02
 8.56856147e-02 8.70793053e-02 8.83988380e-02 8.94995038e-02
 9.11449760e-02 9.19474887e-02 9.43878594e-02 9.54978267e-02
 9.55088650e-02 9.80215617e-02 9.92911222e-02 1.04639779e-01
 1.07314229e-01 1.12259259e-01 1.14125866e-01 1.20395611e-01
 1.25382453e-01 1.32419651e-01 1.33987761e-01 1.39152726e-01
 1.45348824e-01 1.47789085e-01 1.49681955e-01 1.52617592e-01
 1.55239077e-01 1.56887481e-01 1.62858942e-01 1.65014472e-01
 1.68091562e-01 1.73635485e-01 1.80698884e-01 1.87411974e-01
 1.93082790e-01 1.97939403e-01 1.99946616e-01 2.06788488e-01
 2.11013886e-01 2.13312623e-01 2.16064714e-01 2.18660488e-01
 2.22385429e-01 2.30615362e-01 2.34039928e-01 2.40213631e-01
 2.43452006e-01 2.45934312e-01 2.58174979e-01 2.63592197e-01
 2.70739520e-01 2.74270660e-01 2.77265032e-01 2.80623396e-01
 2.87980456e-01 2.95763010e-01 2.97251259e-01 3.00111808e-01
 3.06339283e-01 3.07878891e-01 3.11302472e-01 3.15378620e-01
 3.23183832e-01 3.28557529e-01 3.30701231e-01 3.36075226e-01
 3.44192855e-01 3.48321332e-01 3.58960797e-01 3.63193065e-01
 3.66612626e-01 3.72572332e-01 3.77440117e-01 3.83914292e-01
 3.90093389e-01 3.93912827e-01 4.01880158e-01 4.04669670e-01
 4.10403769e-01 4.21480380e-01 4.29805765e-01 4.37418661e-01
 4.44103955e-01 4.55545844e-01 4.64267836e-01 4.67890875e-01
 4.76400888e-01 4.83454709e-01 4.92352701e-01 5.00125726e-01
 5.03933380e-01 5.12954414e-01 5.18395752e-01 5.25629143e-01
 5.31771046e-01 5.39428524e-01 5.46749387e-01 5.52342076e-01
 5.65283706e-01 5.74695020e-01 5.86976451e-01 6.00923644e-01
 6.07176695e-01 6.12189174e-01 6.17108567e-01 6.27663620e-01
 6.37578741e-01 6.54977064e-01 6.57910315e-01 6.63713002e-01
 6.71603968e-01 6.79051584e-01 6.85691273e-01 6.91640381e-01
 7.01058431e-01 7.12846772e-01 7.28033085e-01 7.39615073e-01
 7.44316416e-01 7.47427855e-01 7.49187952e-01 7.51492317e-01
 7.53640005e-01 7.55308824e-01 7.56996940e-01 7.61993907e-01
 7.65072913e-01 7.71234880e-01 7.76200469e-01 7.80669097e-01
 7.82765291e-01 7.83778827e-01 7.85828046e-01 7.91343955e-01
 7.92943000e-01 7.96842938e-01 8.00632835e-01 8.02884036e-01
 8.04768685e-01 8.08017975e-01 8.08777570e-01 8.09780521e-01
 8.12711897e-01 8.16241039e-01 8.17158317e-01 8.17692453e-01
 8.19230462e-01 8.19949313e-01 8.21918738e-01 8.24098978e-01
 8.27400255e-01 8.31618085e-01 8.33157823e-01 8.34764702e-01
 8.35439131e-01 8.37366687e-01 8.39737523e-01 8.41191672e-01
 8.42854475e-01 8.43429332e-01 8.44209101e-01 8.45621254e-01
 8.48209087e-01 8.48507934e-01 8.48851926e-01 8.49754407e-01
 8.50836129e-01 8.51109910e-01 8.51350670e-01 8.51635990e-01
 8.51881245e-01 8.52107072e-01 8.52369691e-01 8.52598432e-01
 8.52793944e-01 8.53020154e-01 8.53167465e-01 8.53351372e-01
 8.53507026e-01 8.53660433e-01 8.53743920e-01 8.53872725e-01
 8.53984226e-01 8.54100856e-01 8.54223257e-01 8.54335955e-01
 8.54403413e-01 8.54493518e-01 8.54573290e-01 8.54687756e-01
 8.54794451e-01 8.54903142e-01 8.54995318e-01 8.55101865e-01
 8.55188357e-01 8.55296488e-01 8.55410176e-01 8.55515140e-01
 8.55603340e-01 8.55692458e-01 8.55803520e-01 8.55888245e-01
 8.55975513e-01 8.56060655e-01 8.56146396e-01 8.56229803e-01
 8.56300361e-01 8.56364013e-01 8.56406510e-01 8.56473656e-01
 8.56537968e-01 8.56604949e-01 8.56623556e-01 8.56646419e-01
 8.56667394e-01 8.56687239e-01 8.56707710e-01 8.56727303e-01
 8.56748122e-01]

edge simple
b 30: 31
b 50: 46
b 70: 107
edge simple= [0.         0.00423343 0.00996024 0.01263631 0.02753744 0.0317232
 0.04011924 0.05442081 0.06181139 0.07896418 0.08125621 0.08686146
 0.10690239 0.11238532 0.12384708 0.13886139 0.15060819 0.14940416
 0.16101522 0.17505358 0.17604622 0.19766751 0.204942   0.21053453
 0.22120636 0.24397973 0.25659838 0.26286114 0.27056126 0.2846823
 0.2902492  0.31419504 0.32292844 0.35515493 0.35348471 0.39852712
 0.40008547 0.40967824 0.41573084 0.43812631 0.47070096 0.46428839
 0.46294011 0.47544646 0.47655427 0.48467676 0.50333761 0.49796401
 0.51656023 0.50281655 0.50777274 0.516553   0.52800419 0.52058874
 0.52662454 0.53735924 0.54679807 0.54617069 0.55788997 0.55354413
 0.5626057  0.56998069 0.56601237 0.5795654  0.57358856 0.58160307
 0.58632513 0.59106234 0.59365372 0.60162037 0.59884643 0.60580796
 0.61043385 0.60200098 0.60494017 0.61270836 0.616231   0.61341003
 0.61772896 0.62765606 0.63585624 0.63015244 0.62458676 0.63054044
 0.63491813 0.64455558 0.64492814 0.64837785 0.65464622 0.65089986
 0.65820789 0.65992212 0.66566509 0.66965063 0.66826388 0.6703196
 0.66631962 0.67419146 0.67591905 0.67282473 0.67871121 0.68078115
 0.68284822 0.68934942 0.69984869 0.6962198  0.69634345 0.70135444
 0.70506762 0.7087375  0.7068974  0.70789684 0.71520047 0.71444316
 0.72157258 0.72466334 0.72587465 0.72717985 0.73250151 0.73586956
 0.73414295 0.73379998 0.74027086 0.74497788 0.74364493 0.74004958
 0.74621595 0.7403385  0.74546569 0.74383623 0.7478822  0.75058685
 0.7559305  0.75558969 0.75814688 0.76019308 0.76270567 0.75998307
 0.7648959  0.76702929 0.76310944 0.76546343 0.77081279 0.77402276
 0.77445095 0.77441365 0.77359765 0.77987282 0.78139197 0.78143842
 0.7869059  0.78493945 0.78707912 0.7883769  0.78789618 0.78990806
 0.79007912 0.79308101 0.79427243 0.7942508  0.79737716 0.79991677
 0.80075161 0.80394828 0.8049571  0.79939241 0.80129495 0.8072892
 0.80800247 0.80744476 0.80865872 0.81257715 0.81115205 0.81255719
 0.81533522 0.8141133  0.81503218 0.81682601 0.8185806  0.81985221
 0.82243121 0.82358366 0.82435341 0.82442003 0.82725097 0.82805777
 0.82817834 0.82889199 0.83045461 0.83006891 0.83196938 0.83267926
 0.83350513 0.83426874 0.83509398 0.83588861 0.83648889 0.83721319
 0.8378128  0.83851526 0.83857639 0.84025247 0.84101952 0.8416258
 0.84237267 0.84300029 0.84363348 0.8443434  0.84486908 0.84511128
 0.84608955 0.84647154 0.84689574 0.84740463 0.8477979  0.84816849
 0.84854113 0.84891835 0.84913699 0.8494546  0.84988699 0.85016375
 0.85045489 0.85079305 0.85110687 0.85131324 0.85153402 0.85173798
 0.85194587 0.85213442 0.85237452 0.85254955 0.852773   0.85293188
 0.85308438 0.85328373 0.85345276 0.85360655 0.85375509 0.85388345
 0.85401115 0.85415004 0.85427624 0.85440584 0.85451793 0.85462843
 0.85473465 0.85484396 0.85494943 0.85506336 0.85517086 0.85527762
 0.85536218 0.85544968 0.85553795 0.85562883 0.85571299 0.85580324
 0.85590959 0.85599603 0.85608363 0.8561703  0.85624065 0.8563109
 0.85637336 0.85641994 0.85646474 0.85653307 0.8565957  0.85663911
 0.85664038 0.85664159 0.85666217 0.85668234 0.85670285 0.85672539
 0.85674812]

edge mzn
b 30: 99
b 50: 127
b 70: 163
edge mzn= [0.00000000e+00 3.03488774e-04 1.97033053e-03 1.40812946e-03
 4.18201106e-03 1.40606931e-02 5.06777125e-03 5.78265954e-03
 8.60203114e-03 1.29671290e-02 1.58984861e-02 1.55618377e-02
 1.87783095e-02 1.17170192e-02 1.49913320e-02 1.88209199e-02
 2.52731195e-02 2.36375297e-02 2.75069312e-02 2.72219986e-02
 3.68502733e-02 3.06022940e-02 2.16272478e-02 3.50315263e-02
 4.20795169e-02 3.18395545e-02 2.95914683e-02 3.79266447e-02
 3.19194857e-02 3.50789512e-02 3.80402878e-02 4.02897013e-02
 4.89661106e-02 5.63169896e-02 6.27961522e-02 6.05017136e-02
 5.90841767e-02 7.35353281e-02 6.70385900e-02 6.39783822e-02
 8.12592673e-02 6.74907694e-02 7.74405617e-02 8.80229024e-02
 9.49928907e-02 9.59223559e-02 1.04768818e-01 1.00017871e-01
 1.02351521e-01 1.06853379e-01 1.11732455e-01 1.14419596e-01
 1.14503924e-01 1.03421217e-01 1.11737419e-01 1.21559326e-01
 1.11599040e-01 1.29975965e-01 1.34417911e-01 1.33519431e-01
 1.36529409e-01 1.43817634e-01 1.42024150e-01 1.53155757e-01
 1.50288842e-01 1.42850132e-01 1.56935229e-01 1.64235993e-01
 1.64375654e-01 1.55979700e-01 1.66768641e-01 1.71923031e-01
 1.78123615e-01 1.74901195e-01 1.70369014e-01 1.74626762e-01
 1.82351268e-01 1.89217846e-01 1.92685251e-01 1.95918721e-01
 1.99872239e-01 1.98102341e-01 2.09054989e-01 2.03349835e-01
 2.19720898e-01 2.12631634e-01 2.20603546e-01 2.32342249e-01
 2.33699543e-01 2.36405587e-01 2.37706754e-01 2.40770199e-01
 2.49258458e-01 2.58003653e-01 2.54689542e-01 2.76157630e-01
 2.77422576e-01 2.74347650e-01 2.85296131e-01 3.04822932e-01
 3.02255503e-01 2.96050940e-01 3.02913843e-01 3.14862132e-01
 3.46537511e-01 3.51555856e-01 3.44338022e-01 3.55643127e-01
 3.56923947e-01 3.66052780e-01 3.71729550e-01 3.75318779e-01
 3.80895815e-01 3.91073572e-01 3.96811038e-01 4.12645514e-01
 3.98841987e-01 4.27252983e-01 4.13057152e-01 4.37015608e-01
 4.47380722e-01 4.45346405e-01 4.77844815e-01 4.71573726e-01
 4.75046515e-01 4.89241685e-01 4.86210347e-01 5.05320786e-01
 4.98760568e-01 5.15210533e-01 5.13372624e-01 5.30126741e-01
 5.20206978e-01 5.29536686e-01 5.38539580e-01 5.42383989e-01
 5.62816963e-01 5.73030436e-01 5.78125690e-01 5.88661202e-01
 5.84426611e-01 5.90773245e-01 5.91146264e-01 5.96580237e-01
 5.99156330e-01 6.11445152e-01 6.11254455e-01 6.23098679e-01
 6.28984599e-01 6.49420514e-01 6.35005324e-01 6.48052912e-01
 6.54405353e-01 6.49537716e-01 6.53158843e-01 6.71911685e-01
 6.68369926e-01 6.78660405e-01 6.87078294e-01 6.89780533e-01
 6.94958496e-01 6.88712643e-01 6.97037544e-01 7.00504738e-01
 7.13654692e-01 7.02418904e-01 7.14818208e-01 7.12170094e-01
 7.25540600e-01 7.18829671e-01 7.25887651e-01 7.31670942e-01
 7.31058564e-01 7.35200185e-01 7.38519798e-01 7.39296233e-01
 7.51652472e-01 7.50643425e-01 7.55434921e-01 7.55602994e-01
 7.67268003e-01 7.74650495e-01 7.72057592e-01 7.76630727e-01
 7.83453575e-01 7.83754116e-01 7.89608724e-01 7.89192815e-01
 7.93606056e-01 8.00535346e-01 8.01091155e-01 8.05962752e-01
 8.06400356e-01 8.08690240e-01 8.09903410e-01 8.09429819e-01
 8.11531417e-01 8.13567406e-01 8.13324346e-01 8.14587045e-01
 8.17293988e-01 8.21169596e-01 8.21265057e-01 8.23652166e-01
 8.23093383e-01 8.23310373e-01 8.27339994e-01 8.29702222e-01
 8.31293983e-01 8.31046150e-01 8.34657336e-01 8.36479979e-01
 8.37219852e-01 8.36459149e-01 8.39092216e-01 8.39666757e-01
 8.40321957e-01 8.41359109e-01 8.44017336e-01 8.43811201e-01
 8.45669148e-01 8.45580242e-01 8.48184622e-01 8.48471099e-01
 8.48794703e-01 8.50179043e-01 8.50781119e-01 8.51754162e-01
 8.52094678e-01 8.51861835e-01 8.52246303e-01 8.50897070e-01
 8.51176330e-01 8.53077811e-01 8.52349952e-01 8.53402224e-01
 8.53602691e-01 8.53804917e-01 8.53940932e-01 8.53965642e-01
 8.54177724e-01 8.54162169e-01 8.54322552e-01 8.54486358e-01
 8.54619341e-01 8.54758886e-01 8.54821847e-01 8.54975993e-01
 8.55050439e-01 8.55198263e-01 8.55290316e-01 8.55377289e-01
 8.55443109e-01 8.55545792e-01 8.55631856e-01 8.55721094e-01
 8.55828132e-01 8.55911933e-01 8.56003737e-01 8.56045468e-01
 8.56111356e-01 8.56201260e-01 8.56267946e-01 8.56356764e-01
 8.56401114e-01 8.56443589e-01 8.56485075e-01 8.56508889e-01
 8.56553258e-01 8.56618231e-01 8.56640925e-01 8.56661672e-01
 8.56682539e-01 8.56704885e-01 8.56725391e-01 8.56727303e-01
 8.56748122e-01]
