t=27.44

edge
b 30: 18
b 50: 29
b 70: None
edge= [0.         0.01968375 0.02130259 0.04020967 0.05240547 0.06676486
 0.07924784 0.08790216 0.13063738 0.15368203 0.14687216 0.18095887
 0.17203477 0.1996793  0.20526574 0.22240796 0.26569951 0.27411001
 0.33002576 0.31511205 0.33415471 0.35742642 0.38076718 0.40687781
 0.42259379 0.44590497 0.47413873 0.48183914 0.48724149 0.50540498
 0.52570222 0.53551509 0.541806   0.54986177 0.55183402 0.55960314
 0.56011834 0.56837061 0.56971813 0.57027567 0.56975795 0.57003897
 0.57303943]

semi edge
b 30: 15
b 50: 23
b 70: None
semi edge= [0.         0.00323556 0.00749923 0.01940196 0.02847531 0.03804037
 0.04964123 0.07195505 0.08506164 0.10927809 0.1391315  0.17032333
 0.21817349 0.25784539 0.2943889  0.3210735  0.35130316 0.38343529
 0.41742336 0.43584362 0.46362251 0.48081098 0.49598794 0.50699234
 0.51339019 0.52075598 0.52812914 0.53868673 0.5449342  0.55014745
 0.55483064 0.5577131  0.56307093 0.56521009 0.56700801 0.56869695
 0.56981683 0.57062813 0.5711913  0.57172075 0.57227868 0.57266807
 0.57303943]

edge simple
b 30: 6
b 50: 21
b 70: None
edge simple= [0.         0.08401209 0.17285434 0.2332772  0.2633352  0.28852365
 0.31382685 0.3290244  0.36147037 0.37556253 0.39215701 0.40414578
 0.41914318 0.43070782 0.44025194 0.44915262 0.45820049 0.46760506
 0.47753331 0.48554755 0.49597106 0.50348877 0.51276522 0.52044504
 0.52643533 0.53334749 0.5394775  0.54563119 0.55058311 0.55581812
 0.55946688 0.56230433 0.56445737 0.5662325  0.56783573 0.56936464
 0.57032296 0.57095246 0.5715123  0.57188653 0.57243997 0.57266807
 0.57303943]

edge mzn
b 30: 8
b 50: 21
b 70: None
edge mzn= [0.         0.02643473 0.0715553  0.09927695 0.17439815 0.22218714
 0.24711528 0.26662513 0.30503895 0.33251289 0.35036373 0.3758585
 0.39187231 0.41693616 0.4290293  0.44282133 0.44881999 0.46444542
 0.47264417 0.48479445 0.49415592 0.50284838 0.51120638 0.51974976
 0.52652991 0.53303796 0.53943829 0.54459945 0.55019398 0.55598349
 0.55927137 0.56191613 0.56380657 0.56558639 0.56735168 0.56886886
 0.56981683 0.57062813 0.5711913  0.57172075 0.57227868 0.57266807
 0.57303943]
