t=29.64

edge
b 30: 23
b 50: 30
b 70: 35
edge= [0.         0.00212976 0.02390366 0.02345624 0.03555255 0.04450995
 0.06909716 0.07662882 0.08097139 0.098107   0.1051493  0.10332873
 0.13615366 0.12571618 0.12687358 0.14950838 0.15716269 0.18356142
 0.18848616 0.2399893  0.24313282 0.25526753 0.27243207 0.3176787
 0.33800729 0.35042674 0.36853665 0.41117843 0.46419201 0.48047174
 0.50749223 0.57037847 0.59275661 0.64809909 0.69307334 0.71683107
 0.74029709 0.76345752 0.786354   0.79272671 0.81134963 0.82440622
 0.82916743 0.82936414 0.83064179 0.83086434 0.83404815]

semi edge
b 30: 18
b 50: 24
b 70: 30
semi edge= [0.         0.00375837 0.00914831 0.01586154 0.02828354 0.03619047
 0.05040614 0.06575219 0.0831665  0.09412873 0.11170367 0.13829498
 0.16811544 0.18558786 0.21001541 0.22894346 0.24076949 0.27216617
 0.30665655 0.33355389 0.36938441 0.40228828 0.43583275 0.46676136
 0.50528199 0.55349182 0.59150918 0.62321938 0.65810939 0.69111063
 0.72455761 0.7466638  0.76543942 0.78549794 0.79753029 0.80698087
 0.81477246 0.81961373 0.8243663  0.82700762 0.82955499 0.83254891
 0.83320287 0.83339939 0.83361616 0.83383601 0.83404815]

edge simple
b 30: 9
b 50: 17
b 70: 26
edge simple= [0.         0.14310713 0.18779335 0.20914925 0.23092216 0.24272185
 0.25655414 0.2785959  0.27843193 0.31321532 0.33471655 0.34480855
 0.37000357 0.40666284 0.42450164 0.45717099 0.48128186 0.5118662
 0.54828768 0.56957371 0.60086062 0.63469477 0.64338279 0.67054068
 0.68461511 0.69964455 0.71261545 0.73913593 0.73968238 0.75570117
 0.76456969 0.7811813  0.78647968 0.79773372 0.80576846 0.81276008
 0.81822586 0.82244922 0.82561642 0.8292641  0.83093839 0.83254891
 0.83320287 0.83339939 0.83361616 0.83383601 0.83404815]

edge mzn
b 30: 12
b 50: 20
b 70: 28
edge mzn= [0.         0.01924329 0.05076663 0.0576743  0.11349842 0.11190441
 0.14794415 0.18832022 0.21636961 0.25380194 0.27543352 0.2965196
 0.32529519 0.34318329 0.37212063 0.38570563 0.40315542 0.43562856
 0.46757001 0.48385302 0.5091247  0.52973513 0.56456491 0.58447511
 0.61446095 0.63517923 0.6692738  0.69558589 0.7218868  0.73555188
 0.76113464 0.77959327 0.78108123 0.78784771 0.80184985 0.81305243
 0.8159438  0.82236444 0.82512777 0.82802097 0.83115227 0.83238633
 0.83320287 0.83339939 0.83361616 0.83383601 0.83404815]
