t=28.62

edge
b 30: 22
b 50: 29
b 70: None
edge= [0.         0.01301167 0.02292162 0.03581004 0.04687438 0.03925081
 0.07373047 0.05573819 0.11149393 0.10016627 0.12570048 0.12815538
 0.15152259 0.16738036 0.17167268 0.21981477 0.2013191  0.19703941
 0.25951255 0.24784929 0.27558936 0.29820557 0.32969678 0.35147387
 0.34660932 0.40978206 0.43007628 0.45253049 0.4801392  0.50152401
 0.53193233 0.5732856  0.58970327 0.60566709 0.64663632 0.6446728
 0.65544378 0.66014701 0.66931915 0.68046564 0.68256287 0.68995297
 0.69142594 0.69472345 0.69377569 0.696247   0.69376475 0.69698582
 0.69718275]

semi edge
b 30: 18
b 50: 24
b 70: None
semi edge= [0.         0.00115079 0.00755023 0.01499902 0.02380463 0.03260414
 0.04122975 0.05801927 0.07168204 0.09629422 0.10921352 0.12602829
 0.14114443 0.17192746 0.19460163 0.21731341 0.25932139 0.27674772
 0.32711605 0.36008482 0.39333446 0.4325009  0.46830036 0.49875311
 0.53370001 0.55463448 0.5819438  0.59636273 0.61424039 0.62610049
 0.63841963 0.65614389 0.66704219 0.67300287 0.67823417 0.68362313
 0.68698954 0.68929177 0.69161233 0.69347439 0.69412652 0.69494823
 0.69570891 0.69611843 0.69654197 0.69655162 0.69675092 0.69694871
 0.69718275]

edge simple
b 30: 5
b 50: 16
b 70: None
edge simple= [0.         0.09700126 0.20380332 0.25118463 0.27235593 0.30074418
 0.32543317 0.34789784 0.36927153 0.38556073 0.40255186 0.42650106
 0.43629466 0.46265143 0.48156884 0.48330322 0.50435417 0.5247415
 0.53740312 0.55319182 0.55604396 0.57078445 0.57995042 0.59344751
 0.6021894  0.61140974 0.61939939 0.62821998 0.63765724 0.64615544
 0.65492604 0.66296444 0.670937   0.67608632 0.68155517 0.68501034
 0.68801006 0.68986226 0.69198234 0.69366987 0.69451023 0.69533719
 0.69612344 0.69634095 0.69672989 0.69675499 0.69675735 0.69698582
 0.69718275]

edge mzn
b 30: 9
b 50: 18
b 70: None
edge mzn= [0.         0.01137378 0.06134597 0.11606728 0.17882986 0.20458891
 0.24114757 0.26580515 0.2975045  0.32480951 0.34550522 0.37286897
 0.39246485 0.42126738 0.44059611 0.45805103 0.47867348 0.49591828
 0.51501022 0.53111539 0.54233879 0.55147993 0.56678563 0.58336165
 0.59438038 0.60704669 0.61522107 0.62505074 0.63653899 0.64572255
 0.65413692 0.66149435 0.66912594 0.67436223 0.6798848  0.68351912
 0.68670726 0.689187   0.6915175  0.69351841 0.69453224 0.69516408
 0.6959407  0.69634095 0.69672989 0.69675499 0.69675735 0.69698582
 0.69718275]
