t=42.18

edge
b 30: 84
b 50: 111
b 70: 144
edge= [0.00000000e+00 2.63089296e-04 2.19850218e-03 4.28238653e-03
 5.04820939e-03 1.15629017e-02 1.52013803e-02 2.23042853e-02
 2.48233814e-02 2.28500972e-02 2.01165884e-02 2.21291884e-02
 2.25541481e-02 3.30771407e-02 3.31651377e-02 3.27946642e-02
 4.13871564e-02 4.52662886e-02 4.04288667e-02 4.54859452e-02
 4.34921103e-02 5.66792017e-02 4.55948978e-02 4.96241272e-02
 5.73025723e-02 6.31641766e-02 7.10015848e-02 6.09607152e-02
 7.49407714e-02 8.18029722e-02 8.99785911e-02 8.58473296e-02
 8.00172236e-02 8.45869146e-02 8.44391598e-02 9.20480958e-02
 8.81014454e-02 1.01636804e-01 9.33341901e-02 1.02352693e-01
 1.05179967e-01 1.15100245e-01 1.13705929e-01 1.14067180e-01
 1.36431087e-01 1.13501141e-01 1.25364979e-01 1.24937538e-01
 1.28406217e-01 1.38027121e-01 1.38277029e-01 1.39383908e-01
 1.33683763e-01 1.47830195e-01 1.51711421e-01 1.49701457e-01
 1.55317490e-01 1.73516191e-01 1.82618420e-01 1.71563994e-01
 1.88211669e-01 1.90906003e-01 1.98757040e-01 1.94697098e-01
 2.00531608e-01 2.04507777e-01 2.17732610e-01 2.15494763e-01
 2.07943795e-01 2.21895890e-01 2.17808723e-01 2.57282228e-01
 2.38517042e-01 2.50471621e-01 2.42260811e-01 2.51686193e-01
 2.57776558e-01 2.67449126e-01 2.69516837e-01 2.80618767e-01
 2.88535918e-01 2.92678342e-01 2.95510667e-01 2.97701171e-01
 3.08214053e-01 3.07513787e-01 3.36802425e-01 3.24575557e-01
 3.37284646e-01 3.28613440e-01 3.60672000e-01 3.47158229e-01
 3.60656706e-01 3.72579309e-01 3.73587706e-01 3.63339875e-01
 3.91026995e-01 4.08006800e-01 4.19436620e-01 4.13683370e-01
 4.19598893e-01 4.09870916e-01 4.42038420e-01 4.26596632e-01
 4.49217344e-01 4.58192279e-01 4.63649423e-01 4.61525176e-01
 4.77017666e-01 4.78664007e-01 4.82303539e-01 5.03448774e-01
 5.06663799e-01 5.10441370e-01 5.36662052e-01 5.11652518e-01
 5.25220653e-01 5.49942762e-01 5.45101577e-01 5.44405638e-01
 5.53498637e-01 5.53195588e-01 5.70463078e-01 5.90514275e-01
 5.76804653e-01 5.84594744e-01 5.92300377e-01 6.10333674e-01
 6.14566078e-01 6.18762806e-01 6.22795214e-01 6.15336033e-01
 6.32615619e-01 6.35582635e-01 6.51762993e-01 6.53170875e-01
 6.55758713e-01 6.71297045e-01 6.75861498e-01 6.81469771e-01
 6.90463225e-01 6.89753254e-01 6.96293853e-01 6.93964861e-01
 7.00361723e-01 7.07803756e-01 7.09028289e-01 7.12490163e-01
 7.12010528e-01 7.12901217e-01 7.15874185e-01 7.16879366e-01
 7.13737649e-01 7.16988533e-01 7.14263798e-01 7.18295614e-01
 7.20237301e-01 7.19066823e-01 7.20561186e-01 7.21459349e-01
 7.21542059e-01]

semi edge
b 30: 64
b 50: 85
b 70: 121
semi edge= [0.         0.0035519  0.00719058 0.00864115 0.00996389 0.01257626
 0.01423655 0.01734181 0.01982397 0.02130444 0.02333208 0.0269675
 0.02934072 0.03174732 0.03547305 0.03864089 0.04009171 0.0431052
 0.04595133 0.04964669 0.05223962 0.05514109 0.05833281 0.05992726
 0.06395734 0.06649332 0.06924099 0.07267593 0.07442589 0.07676641
 0.08254232 0.08895415 0.09131601 0.09746648 0.09914557 0.10172293
 0.10593605 0.11211997 0.11603312 0.12868978 0.13967163 0.14532493
 0.1557488  0.16100613 0.1653277  0.17252563 0.17759766 0.18235406
 0.18875893 0.19675356 0.20681201 0.21275016 0.21737361 0.22615074
 0.23093326 0.24119871 0.24399101 0.25155185 0.2604407  0.26651086
 0.27511038 0.28192746 0.29298784 0.29758018 0.3029508  0.31759194
 0.32274232 0.33143647 0.34382392 0.35417126 0.36377263 0.37292411
 0.38031946 0.39112479 0.40180733 0.41321783 0.41929746 0.43210698
 0.44533399 0.45247568 0.4628825  0.47072608 0.48023256 0.4856043
 0.49383685 0.50410174 0.51584445 0.52087883 0.52475953 0.52881715
 0.53509078 0.54315171 0.54895235 0.55740978 0.56326399 0.57008513
 0.5772952  0.58488899 0.59218765 0.59778705 0.60793255 0.61614621
 0.6203652  0.62558287 0.63655785 0.64141788 0.64521277 0.65488416
 0.65734609 0.66475983 0.66912518 0.67082214 0.67287562 0.67988396
 0.68212106 0.68469585 0.68998904 0.69355928 0.6951474  0.69838372
 0.69951748 0.70040302 0.70155739 0.70259458 0.70384135 0.70488894
 0.70597493 0.70696727 0.70799017 0.70901828 0.70994418 0.71088174
 0.71176927 0.71257909 0.7132955  0.71410816 0.7149714  0.71573269
 0.71641904 0.71706613 0.7176147  0.71817404 0.71860726 0.71903195
 0.71945288 0.71975445 0.72005332 0.72030743 0.72047325 0.72060257
 0.72074161 0.72085829 0.72099225 0.721075   0.72115696 0.72123885
 0.72128071 0.72132859 0.72141901 0.72149992 0.72154206]

edge simple
b 30: 18
b 50: 44
b 70: 121
edge simple= [0.         0.00898969 0.01888845 0.02267335 0.05666133 0.06288972
 0.08392188 0.11563706 0.12447181 0.13016308 0.166721   0.18509644
 0.1994876  0.21555672 0.22840745 0.25577234 0.28352803 0.28964982
 0.31152341 0.32294092 0.33510117 0.34994672 0.35716121 0.37804962
 0.37864246 0.38396308 0.39785944 0.40501024 0.40735153 0.41849584
 0.4222555  0.42687203 0.44181363 0.44430712 0.460592   0.46402308
 0.46223347 0.46766959 0.46420113 0.47332501 0.47765995 0.49053684
 0.48975208 0.49845706 0.50051145 0.50698763 0.50219357 0.51343529
 0.50931294 0.52361148 0.52730786 0.53237483 0.5358372  0.54401282
 0.54747341 0.54335857 0.55465028 0.55833428 0.56128827 0.56461274
 0.56766982 0.57498495 0.57721138 0.57366779 0.5776067  0.58256988
 0.5846786  0.59150721 0.59002762 0.59387856 0.59580372 0.59830986
 0.60108526 0.60309011 0.61150688 0.60984194 0.6162074  0.61709878
 0.6221019  0.62654262 0.62979724 0.63010058 0.63392014 0.63640516
 0.63832307 0.64056546 0.64340811 0.64234981 0.64383909 0.64688785
 0.6504261  0.65361541 0.65559862 0.65792954 0.66008094 0.66143236
 0.66296587 0.66562728 0.66703372 0.6677209  0.67056372 0.67283976
 0.67448686 0.67508451 0.67657288 0.67915157 0.68036467 0.68276245
 0.68331685 0.68536795 0.68666737 0.68802753 0.68932992 0.69084748
 0.69211857 0.69332479 0.69466176 0.69594413 0.69724066 0.69845657
 0.69958008 0.70072607 0.70184036 0.70301492 0.70408865 0.70524999
 0.70623912 0.70732318 0.70833037 0.70940841 0.71051351 0.71149725
 0.71245778 0.71330785 0.71405139 0.71482641 0.7156457  0.71628926
 0.71698278 0.71757964 0.71812803 0.71855939 0.71904565 0.71939862
 0.71973709 0.71995923 0.72029538 0.72054978 0.72071809 0.72084331
 0.72089459 0.72101576 0.72106871 0.72111829 0.7211579  0.72120117
 0.72124464 0.72132859 0.72141476 0.72149597 0.72154206]

edge mzn
b 30: 27
b 50: 54
b 70: 121
edge mzn= [0.00000000e+00 6.60392976e-04 5.74481017e-03 8.59275249e-03
 1.38670332e-02 1.82235816e-02 2.25920840e-02 2.89125656e-02
 3.79136276e-02 5.38298776e-02 6.49512506e-02 7.42723046e-02
 8.09112014e-02 8.61639591e-02 1.08746839e-01 1.30361609e-01
 1.34085543e-01 1.48541813e-01 1.64227534e-01 1.83186419e-01
 1.95068376e-01 2.12635352e-01 2.28778524e-01 2.37926063e-01
 2.54934851e-01 2.87738161e-01 2.94050595e-01 3.02978318e-01
 3.14301320e-01 3.18355610e-01 3.40745554e-01 3.43536121e-01
 3.62391409e-01 3.76693964e-01 3.83634705e-01 3.84650563e-01
 4.03818836e-01 4.04372787e-01 4.13995337e-01 4.23655680e-01
 4.24468842e-01 4.32963795e-01 4.29522047e-01 4.48602592e-01
 4.48654701e-01 4.54146765e-01 4.48971608e-01 4.57793522e-01
 4.59644978e-01 4.71959624e-01 4.71943571e-01 4.76929165e-01
 4.84316825e-01 4.99725231e-01 5.11875530e-01 4.95632844e-01
 5.07755974e-01 5.11813923e-01 5.21708733e-01 5.29647535e-01
 5.33621346e-01 5.30810437e-01 5.28418258e-01 5.34273131e-01
 5.39133283e-01 5.53650746e-01 5.55531389e-01 5.60176551e-01
 5.63315933e-01 5.66996146e-01 5.71658766e-01 5.80682528e-01
 5.81128430e-01 5.80495124e-01 5.85789201e-01 5.96834267e-01
 5.97876085e-01 6.04279980e-01 6.15945245e-01 6.12796135e-01
 6.17625152e-01 6.21606029e-01 6.26105840e-01 6.27717596e-01
 6.29216169e-01 6.33573460e-01 6.33650544e-01 6.34162477e-01
 6.40757222e-01 6.42146430e-01 6.47906473e-01 6.48450530e-01
 6.46938625e-01 6.48039473e-01 6.49634834e-01 6.51268097e-01
 6.53968802e-01 6.57391149e-01 6.60340670e-01 6.60409919e-01
 6.66282480e-01 6.69897124e-01 6.71784623e-01 6.74135972e-01
 6.76626273e-01 6.78065199e-01 6.79332073e-01 6.80913032e-01
 6.82841557e-01 6.84015866e-01 6.85707960e-01 6.86658721e-01
 6.88545866e-01 6.90278958e-01 6.91365923e-01 6.92970061e-01
 6.94499301e-01 6.95791697e-01 6.97072065e-01 6.98437428e-01
 6.99860985e-01 7.01208727e-01 7.02323037e-01 7.03468470e-01
 7.04509158e-01 7.05509256e-01 7.06576363e-01 7.07612238e-01
 7.08633803e-01 7.09635426e-01 7.10637410e-01 7.11568190e-01
 7.12546527e-01 7.13393058e-01 7.14220160e-01 7.14922740e-01
 7.15740507e-01 7.16297278e-01 7.16944775e-01 7.17459741e-01
 7.17897800e-01 7.18406931e-01 7.18718696e-01 7.19107643e-01
 7.19489777e-01 7.19834168e-01 7.20133422e-01 7.20391000e-01
 7.20600248e-01 7.20766480e-01 7.20858365e-01 7.20938289e-01
 7.21069758e-01 7.21120089e-01 7.21197687e-01 7.21241065e-01
 7.21285949e-01 7.21328595e-01 7.21414757e-01 7.21495967e-01
 7.21542059e-01]
