t=44.38

edge
b 30: 83
b 50: 103
b 70: 120
edge= [0.         0.00206831 0.00252019 0.00773592 0.00763205 0.00634189
 0.00764388 0.0090574  0.01157769 0.01735868 0.01721115 0.02169114
 0.02075754 0.01743361 0.02848998 0.02307758 0.02722467 0.02774071
 0.04025346 0.03566945 0.04178472 0.04933008 0.03859109 0.04039337
 0.0443369  0.04649863 0.0492043  0.05854519 0.05254433 0.05465831
 0.06026716 0.06711737 0.05497353 0.06447949 0.06359101 0.06877172
 0.07095141 0.06923319 0.0715642  0.09001701 0.08094891 0.08935053
 0.08906987 0.0879547  0.09861135 0.09274769 0.0924059  0.09398214
 0.11604847 0.11096574 0.11078183 0.11173846 0.12084421 0.12114617
 0.11627333 0.12796395 0.13128973 0.13811755 0.12860231 0.16051688
 0.14996107 0.1534096  0.15575021 0.15988477 0.15550699 0.18230479
 0.17949935 0.21731358 0.18626665 0.21419425 0.22760937 0.20874992
 0.22996268 0.22793071 0.25056767 0.23873347 0.26362505 0.24575293
 0.2795629  0.29329225 0.29859352 0.28761729 0.2875919  0.30897104
 0.33431783 0.34515335 0.34428335 0.34791855 0.35124327 0.36536932
 0.3846243  0.38276409 0.39740585 0.39185161 0.40459279 0.41934761
 0.42942818 0.46785383 0.45078477 0.47718124 0.46462105 0.46843883
 0.48417687 0.50644743 0.52286021 0.52734615 0.5633552  0.5536926
 0.57194332 0.58402766 0.61047513 0.61103484 0.62407681 0.62616507
 0.65921488 0.63855881 0.6667927  0.67116773 0.68703411 0.6832052
 0.70055147 0.70408046 0.71069891 0.72760913 0.73760714 0.7346742
 0.74704684 0.75439555 0.75017189 0.77053342 0.76578361 0.76950329
 0.78758578 0.7926656  0.78698352 0.80050172 0.80518442 0.80994179
 0.81672562 0.82486618 0.82261513 0.83309111 0.82418688 0.83653478
 0.83337423 0.83892023 0.84268648 0.84403018 0.84316268 0.84436938
 0.84824295 0.84880244 0.84884933 0.84889284]

semi edge
b 30: 60
b 50: 80
b 70: 98
semi edge= [0.         0.00452869 0.00780901 0.00902506 0.01113719 0.01340312
 0.01439569 0.01782397 0.01959075 0.02100179 0.0245518  0.02614614
 0.02998282 0.03173245 0.03551656 0.03804937 0.04031434 0.04302922
 0.04738054 0.04919981 0.05171567 0.05282145 0.0562191  0.06028158
 0.06350639 0.06843006 0.07018987 0.07220436 0.0752396  0.0785236
 0.08275627 0.08595779 0.09316723 0.09666145 0.10015033 0.10123732
 0.10559135 0.11036786 0.11515276 0.12191945 0.12416727 0.12917515
 0.14100201 0.14864337 0.15811832 0.16368856 0.17607288 0.18073382
 0.18690918 0.19086838 0.20158503 0.20848675 0.21621543 0.22794415
 0.23800218 0.24714449 0.26439327 0.27877881 0.28621859 0.29977042
 0.31287599 0.32137216 0.33202229 0.35369027 0.36402376 0.3785249
 0.38873981 0.39868396 0.40378414 0.41652449 0.42794066 0.4319049
 0.43883247 0.44450185 0.45007188 0.45878547 0.46420285 0.47829517
 0.4843297  0.49630236 0.50599476 0.51628023 0.52924012 0.54550501
 0.55901107 0.57241516 0.5800829  0.59607442 0.59945165 0.61653701
 0.62778404 0.63947118 0.64585097 0.65780963 0.66549617 0.68204488
 0.68831932 0.69597066 0.71376361 0.72579435 0.73137846 0.7338925
 0.74156063 0.74743016 0.75465728 0.76400849 0.770812   0.77658682
 0.78189817 0.78328747 0.78564366 0.7928472  0.80031723 0.80470241
 0.80887945 0.81282949 0.81444536 0.82107954 0.82169483 0.82439153
 0.82571576 0.82883207 0.83279894 0.83369206 0.83460164 0.83562361
 0.83709155 0.84130447 0.84197419 0.84253266 0.8431586  0.84379905
 0.84433579 0.84487442 0.84523958 0.84567415 0.84609639 0.84632473
 0.84665307 0.84691895 0.84718912 0.8474985  0.8476327  0.84781617
 0.84798988 0.84816761 0.8483096  0.8484428  0.84857646 0.84866781
 0.84876075 0.84880244 0.84884933 0.84889284]

edge simple
b 30: 21
b 50: 36
b 70: 64
edge simple= [0.         0.00615426 0.0123675  0.0241129  0.03335788 0.0496289
 0.05708315 0.06690108 0.08133555 0.0905292  0.12531466 0.1578294
 0.16726698 0.19046289 0.2100401  0.21839796 0.2443681  0.26187512
 0.27149162 0.28517828 0.28985677 0.30816483 0.32205127 0.32872758
 0.33664961 0.36862957 0.38550146 0.40755303 0.421091   0.43683402
 0.43535033 0.4504344  0.45641423 0.4562182  0.47786026 0.48681146
 0.50080636 0.50852228 0.52404226 0.5199464  0.53104054 0.54123135
 0.54732115 0.56132829 0.57715322 0.57895087 0.58650544 0.58977099
 0.60974631 0.60980557 0.61712744 0.6238428  0.62725738 0.64397329
 0.6511194  0.64996468 0.66492457 0.66121166 0.67543079 0.67888766
 0.67564177 0.68552759 0.6879651  0.69296997 0.70864255 0.70225837
 0.71192701 0.70884625 0.71782711 0.72526363 0.7238667  0.72876478
 0.73358375 0.73404652 0.74274218 0.74262949 0.74702687 0.74844929
 0.74912559 0.75523728 0.75801275 0.76344243 0.76355102 0.76609687
 0.76604849 0.77117537 0.77779464 0.78046787 0.78229431 0.77519135
 0.77757932 0.78300323 0.78946322 0.78882248 0.78826664 0.7907596
 0.79526334 0.79712466 0.80458989 0.80657023 0.80799504 0.8102251
 0.81244533 0.8143066  0.81243513 0.81828226 0.81958517 0.8208858
 0.82302984 0.82398049 0.82550245 0.82678379 0.82823024 0.82916284
 0.82971729 0.83137959 0.83228294 0.83340596 0.83441269 0.8353322
 0.83613651 0.83708676 0.83811243 0.83899117 0.83998451 0.84075005
 0.84148638 0.8423735  0.8429675  0.84356534 0.84419976 0.84479151
 0.84524566 0.84570448 0.84606353 0.8464217  0.84679173 0.84697136
 0.84716544 0.84739115 0.84770473 0.84796984 0.84810066 0.84824223
 0.84833592 0.84838809 0.84848121 0.84857267 0.84862263 0.84867184
 0.84876075 0.84880244 0.84884933 0.84889284]

edge mzn
b 30: 32
b 50: 49
b 70: 73
edge mzn= [0.         0.00115468 0.00549625 0.01121663 0.01486087 0.02488875
 0.03330591 0.02832829 0.03162603 0.04305342 0.04949121 0.0535016
 0.05680423 0.06851476 0.08242644 0.08826499 0.09428988 0.09806421
 0.11096786 0.12663463 0.14948591 0.15546868 0.17712918 0.18913518
 0.20441154 0.21113042 0.21818564 0.2317348  0.25095294 0.2596997
 0.27632914 0.28477888 0.30117554 0.3141272  0.32865888 0.32800716
 0.34882078 0.36584505 0.37772343 0.3958791  0.40183134 0.40881334
 0.42851311 0.44466753 0.44181429 0.46124877 0.46917542 0.48444614
 0.49812831 0.50079629 0.51795761 0.54181815 0.54994137 0.55784469
 0.56595702 0.58400096 0.59180704 0.60289051 0.60331383 0.61939923
 0.62790029 0.63617487 0.64295213 0.64876597 0.65260723 0.64761651
 0.66835082 0.67513316 0.67116351 0.67188064 0.68211673 0.69171045
 0.69846887 0.70257058 0.70262233 0.71109669 0.71608587 0.71679492
 0.72640199 0.7278951  0.72865333 0.73993545 0.7407916  0.74512871
 0.75363471 0.75574921 0.75545268 0.76798922 0.77234349 0.77331122
 0.76691556 0.77450177 0.77793452 0.78439088 0.78773974 0.79543211
 0.79336053 0.79923697 0.799086   0.79788205 0.80496984 0.80589739
 0.80335871 0.80550464 0.81024697 0.81280385 0.81771555 0.81249159
 0.81990663 0.8210881  0.82261415 0.82774171 0.82885868 0.82967901
 0.83116698 0.83154679 0.83307852 0.83377135 0.83478976 0.83587359
 0.83675165 0.8374272  0.83820657 0.83907964 0.839709   0.84032269
 0.84108047 0.84176476 0.84231245 0.8429409  0.84353242 0.84418864
 0.84472835 0.84528065 0.84564023 0.84603406 0.84632307 0.84654135
 0.84686455 0.84717332 0.84744644 0.8477566  0.84794263 0.84803845
 0.84816905 0.84826007 0.84839897 0.8484895  0.84858131 0.84867184
 0.84876075 0.84880244 0.84884933 0.84889284]
