t=40.56

edge
b 30: 85
b 50: 119
b 70: None
edge= [0.         0.00216183 0.00533592 0.00356184 0.01399149 0.01033029
 0.01310015 0.01519357 0.02532711 0.02129302 0.0210024  0.02653198
 0.02424333 0.03415826 0.03466023 0.0403257  0.03871103 0.05473761
 0.04685492 0.04489694 0.05308362 0.06240714 0.05678544 0.05375195
 0.05877789 0.05653524 0.0582373  0.07427815 0.07428377 0.08000707
 0.08317109 0.07558919 0.0740015  0.08586307 0.07592442 0.09748485
 0.0907185  0.09280984 0.10125222 0.11347163 0.11769655 0.11047003
 0.10829755 0.11132856 0.11357605 0.11904546 0.12618919 0.12890679
 0.12903642 0.1303172  0.12401675 0.13992367 0.13549879 0.14683232
 0.16266078 0.17170435 0.16304895 0.16359465 0.17726639 0.16911698
 0.16793867 0.18980828 0.17913707 0.17311971 0.17966714 0.21118714
 0.18747538 0.20471028 0.21525045 0.23543735 0.23050905 0.22097929
 0.23135222 0.22212098 0.22960394 0.24225425 0.25581402 0.25436182
 0.26207889 0.27693471 0.27434039 0.27395642 0.27871331 0.29813834
 0.28436533 0.30984869 0.29949607 0.29903506 0.31413256 0.32202739
 0.33269193 0.34348925 0.34307655 0.34335444 0.36602106 0.37338141
 0.38074419 0.36261617 0.38177164 0.39118627 0.38401805 0.39733885
 0.40786658 0.40856329 0.41880344 0.41770775 0.42991712 0.429752
 0.43448282 0.44615523 0.43522103 0.44899114 0.46338464 0.46900589
 0.4695198  0.47400061 0.48889362 0.48438648 0.49574523 0.5066874
 0.50416672 0.51567158 0.52175613 0.52956324 0.52925713 0.5387055
 0.54933342 0.54722059 0.53656515 0.55029988 0.55386703 0.55420718
 0.55647224 0.56712126 0.57104081 0.56349413 0.57152919 0.56895125
 0.5716003  0.57842078 0.5763329  0.57824395 0.5788666  0.57825308
 0.58442956 0.58119048 0.58971844 0.58770936 0.58763887 0.59516698
 0.59277743 0.5937876  0.59699896 0.59591326 0.59518768 0.59472061
 0.60040175 0.59980879 0.60103241 0.60167296 0.60181955 0.60185888]

semi edge
b 30: 63
b 50: 89
b 70: None
semi edge= [0.         0.00438971 0.0067276  0.00945408 0.01143429 0.01356096
 0.01636028 0.01828946 0.0197651  0.02318438 0.02607797 0.02841151
 0.03126123 0.03415116 0.03647896 0.03849853 0.04188338 0.04533171
 0.04902296 0.04929582 0.05199021 0.05562293 0.057975   0.06034881
 0.06371046 0.06547049 0.06779315 0.06904769 0.07274825 0.07497324
 0.08004739 0.08214673 0.08524777 0.09228095 0.09476318 0.09890558
 0.10288655 0.1084568  0.11546955 0.11845944 0.12697468 0.13274863
 0.1394127  0.14629133 0.15023917 0.15452096 0.16709551 0.17064424
 0.17505217 0.18290147 0.19421078 0.20325573 0.2079652  0.21785378
 0.23073659 0.23571739 0.24162562 0.2459059  0.25238497 0.26210604
 0.27665675 0.28457064 0.29304414 0.30262006 0.31416008 0.32118503
 0.32899844 0.34006927 0.3447428  0.35610027 0.36411143 0.36975414
 0.37988079 0.39111158 0.39903392 0.40924154 0.41983991 0.42804109
 0.43880636 0.4470593  0.45527356 0.45922684 0.46596813 0.47168941
 0.47624334 0.47948804 0.4854395  0.49069086 0.49700426 0.50049183
 0.50356335 0.50814373 0.51828463 0.52297651 0.52695933 0.53087306
 0.53454055 0.5384205  0.5405924  0.54370464 0.55040707 0.55287709
 0.55507737 0.55710739 0.55872729 0.56097178 0.56277687 0.56558956
 0.56752051 0.56877658 0.57043802 0.57165343 0.57337277 0.57491883
 0.5769949  0.57885525 0.5801675  0.58124613 0.58251134 0.58356449
 0.58466934 0.58567132 0.58654134 0.58743883 0.5885261  0.58953321
 0.59045343 0.59110144 0.59184629 0.59250265 0.59309707 0.59366135
 0.59422704 0.59479569 0.59518931 0.59557907 0.59606839 0.59647361
 0.59681593 0.59725682 0.59769148 0.59795255 0.5983107  0.59863656
 0.59891625 0.59925303 0.59953852 0.59990397 0.60022085 0.60039426
 0.60059525 0.6007462  0.60095796 0.60116233 0.60127693 0.60143633
 0.60156396 0.60168537 0.60172891 0.6017739  0.60181955 0.60185888]

edge simple
b 30: 20
b 50: 72
b 70: None
edge simple= [0.         0.00705514 0.02144696 0.03653261 0.05841025 0.07162878
 0.08182165 0.10919204 0.1182731  0.13813701 0.16620129 0.17527567
 0.19121084 0.20820321 0.2186714  0.2347912  0.25677939 0.27172479
 0.28274508 0.28986017 0.30170068 0.310275   0.31750209 0.32609943
 0.32709918 0.3345165  0.34188681 0.34863471 0.35553944 0.36310463
 0.36915959 0.37539569 0.38002788 0.38475701 0.38514306 0.39106598
 0.39593376 0.39889797 0.40814099 0.40823876 0.40689544 0.41164727
 0.40980075 0.4210192  0.42115863 0.42551634 0.42880948 0.43132294
 0.43287309 0.43811787 0.44130475 0.44431339 0.44776117 0.44614792
 0.45312238 0.45434407 0.46041097 0.46099586 0.46615515 0.46503362
 0.47119657 0.47281246 0.47668127 0.47913878 0.48275123 0.48497676
 0.48788162 0.49141933 0.49206891 0.49455708 0.49710586 0.49895607
 0.50071529 0.50312001 0.50637724 0.5073067  0.51174346 0.51322876
 0.51488167 0.51768016 0.52054395 0.52246601 0.5232296  0.52533779
 0.52731278 0.52976227 0.53194683 0.53371284 0.53508699 0.53778574
 0.53995435 0.54137284 0.54372823 0.54540328 0.54757355 0.54934235
 0.55128688 0.55294535 0.55435624 0.55635333 0.55756277 0.55932311
 0.56100522 0.56276345 0.56430704 0.56587989 0.56731432 0.56874338
 0.57024816 0.57146841 0.57284534 0.5742217  0.57560432 0.57689479
 0.57821378 0.57935295 0.58046906 0.58141583 0.5824573  0.58350412
 0.58453893 0.58543381 0.58639467 0.58729727 0.58832105 0.5893557
 0.59023406 0.5909574  0.59162309 0.5923516  0.59309006 0.59374244
 0.59429955 0.59486248 0.59533649 0.59583785 0.59632423 0.59670563
 0.59707826 0.59748479 0.59784181 0.59813784 0.59849932 0.59879148
 0.59903766 0.59937866 0.59962683 0.59998388 0.60034495 0.60055267
 0.60067053 0.60082885 0.60096483 0.60112503 0.60128397 0.60140449
 0.6015324  0.60165177 0.6017358  0.60177828 0.60181955 0.60185888]

edge mzn
b 30: 31
b 50: 74
b 70: None
edge mzn= [0.         0.00167949 0.01086995 0.01248222 0.01578845 0.02609368
 0.03457903 0.03346186 0.04788358 0.05387384 0.06208556 0.07728227
 0.08549371 0.09668347 0.10663775 0.11855191 0.14007574 0.14295163
 0.15827098 0.1736062  0.18158302 0.19675985 0.2053479  0.21778973
 0.22839876 0.24545482 0.25340534 0.2631958  0.27836533 0.285819
 0.29772    0.30401732 0.3109894  0.31791582 0.33353152 0.34150432
 0.34622801 0.3592692  0.36516214 0.37249739 0.38068728 0.38251621
 0.38680127 0.38746834 0.38873301 0.39520246 0.40116008 0.40843936
 0.41419288 0.42206513 0.42071441 0.42142985 0.42816579 0.43007805
 0.43033154 0.44079988 0.44209041 0.45019618 0.45399162 0.45719536
 0.461036   0.46297812 0.4630046  0.4713286  0.47403751 0.47978145
 0.4812961  0.48343563 0.48699542 0.48906706 0.48929333 0.49275711
 0.49676523 0.49969766 0.50275512 0.50521987 0.50902854 0.51007901
 0.51277441 0.51463173 0.51661696 0.52116131 0.52244423 0.52613787
 0.5283476  0.52903432 0.53069594 0.53350058 0.53519731 0.53713666
 0.53989549 0.54226084 0.5452664  0.54668448 0.54814425 0.55040823
 0.55209079 0.55435603 0.55607536 0.55759555 0.55942907 0.56140129
 0.56302616 0.56412934 0.56613554 0.56763377 0.56908992 0.57036489
 0.57157592 0.57310334 0.57445682 0.5756924  0.57692677 0.57817518
 0.57950037 0.58070158 0.58176738 0.58296757 0.58410706 0.58509449
 0.58600107 0.58702703 0.58785874 0.58872958 0.58978173 0.59066881
 0.59150909 0.59222995 0.59297214 0.59366856 0.59437079 0.59490122
 0.59543195 0.59594903 0.59634556 0.59673445 0.5971448  0.59747909
 0.59773138 0.59805718 0.59822926 0.59849108 0.59874637 0.59899381
 0.59923168 0.59941413 0.59977288 0.6000896  0.60040952 0.60050241
 0.6006637  0.60086098 0.60099456 0.60111737 0.6013224  0.60144028
 0.60156799 0.60161474 0.60169391 0.60177828 0.60181955 0.60185888]
